0.000000000000000000e+00 0.000000000000000000e+00 0.000000000000000000e+00 0.000000000000000000e+00 0.000000000000000000e+00 0.000000000000000000e+00 0.000000000000000000e+00 0.000000000000000000e+00 0.000000000000000000e+00 0.000000000000000000e+00 0.000000000000000000e+00 0.000000000000000000e+00
1.000000055485852801e+00 -1.573878132079677237e-04 -2.616099021126329078e-04 -2.859156731130255147e-03 1.573705433852636980e-04 9.999999246347195392e-01 3.217798735763568112e-05 -1.747407093667832471e-04 2.616103290483754720e-04 -3.233616833881418481e-05 1.000000019879427660e+00 -7.625244919484686079e-06
1.000000051968999104e+00 -3.918527656697976262e-04 -4.986592981575513122e-04 -6.079071228291862972e-03 3.918318138081591361e-04 9.999997734334440391e-01 6.549486159579604502e-05 -2.005993241915170373e-04 4.986394681215069926e-04 -6.590603652135195779e-05 9.999999746170458170e-01 -1.090114015291007710e-04
9.999998120593025508e-01 -1.140965803071642467e-03 -5.256152961364459874e-04 6.207192687314261326e-03 1.141046663910190006e-03 9.999988147732115085e-01 3.002290291752039752e-04 -1.119553176426358026e-03 5.253411474205122366e-04 -3.010086006910225463e-04 9.999999324073819418e-01 4.210791156746065966e-04
9.999939362946995702e-01 -3.860703945212227983e-03 -1.010955540301640030e-03 7.428496734278763891e-02 3.860389529267827576e-03 9.999906905538488155e-01 -2.462615010999415154e-05 -2.356923131039314299e-03 1.010762040269887804e-03 2.055237667148012847e-05 9.999996619634623496e-01 2.294013965843715031e-03
9.999999962469379167e-01 -8.089907775412749549e-04 -5.094775497825048283e-04 1.369207506999894353e-01 8.086547013561266178e-04 9.999992125222667561e-01 -4.274304067906726178e-04 -4.063523932499603017e-03 5.095581187310476877e-04 4.268619612110361177e-04 9.999999821413356749e-01 1.183500298214193447e-04
9.971463211157083339e-01 7.500686261571219704e-02 5.561267562895293691e-04 2.248346252198096251e-01 -7.500197059171434533e-02 9.972192552869381110e-01 -1.260238831977496341e-03 -2.455671192662869928e-02 -6.441616176234858573e-04 1.209237449459182488e-03 9.999992405331927792e-01 1.251856381154869274e-02
9.790495416113919047e-01 2.031480217234433450e-01 2.941090476628990444e-04 4.992720319517506278e-01 -2.031356355763887234e-01 9.792466440413611917e-01 -2.234104802759553487e-03 -5.443128844782368914e-02 -7.267842199340769855e-04 2.112497307712958485e-03 9.999977783196065673e-01 2.004634713761850595e-02
9.329526545793204173e-01 3.595415742194534303e-01 2.774393842343615864e-03 1.394182292422954550e+00 -3.595079543794096888e-01 9.333041650360590635e-01 -4.424176648672718121e-03 -1.821960361098888259e-01 -4.150537486117196126e-03 3.106969716806511506e-03 9.999866429731987250e-01 2.580309124508221169e-02
9.302275306379416131e-01 3.665265723831743760e-01 2.907795623252279991e-03 1.636620120445928972e+00 -3.664912695373871432e-01 9.305859153408501117e-01 -4.625688316145998465e-03 -1.807274851346375999e-01 -4.371231211111135245e-03 3.213822290409007031e-03 9.999853990046485563e-01 2.616729527426139845e-02
9.072545602585735391e-01 4.201437633310378117e-01 2.135402336363746972e-03 2.250875334572562281e+00 -4.201061963822506629e-01 9.076617505868584956e-01 -5.062832402730013150e-03 -2.170764250828172148e-01 -4.029687960165301112e-03 3.669735521751581533e-03 9.999853776400514649e-01 3.110630732608977989e-02
8.859966941068019297e-01 4.632685104681079080e-01 1.259084563545581018e-03 2.650954785627531951e+00 -4.632343026003310493e-01 8.864466925605049008e-01 -4.212634759871095556e-03 -2.501824043340468706e-01 -3.026936325669135359e-03 3.120048583438858256e-03 9.999908592892923220e-01 3.162508803855281631e-02
8.713174487671563329e-01 4.903058404525947878e-01 5.250429674331674084e-04 2.765969422815016010e+00 -4.902614444633388580e-01 8.717756505518661214e-01 -7.571539050641870432e-03 -2.598678946356337005e-01 -4.127764786594600999e-03 6.310227232129755372e-03 9.999719836652707361e-01 3.169249911043010154e-02
7.672387567608803804e-01 6.410029982304596974e-01 -1.271133137533375613e-04 3.185946193456789199e+00 -6.409418603852657936e-01 7.678350433945332343e-01 -9.144482513953153258e-03 -4.055473227741277498e-01 -5.702716509353705082e-03 7.063450525325754015e-03 9.999591757008077231e-01 2.507702663169641966e-02
7.569368339759409148e-01 6.531146497178905719e-01 -5.030489686954929540e-03 3.341149592570090476e+00 -6.530972473088101360e-01 7.575404073068805477e-01 -7.684233404334912289e-03 -4.137656033207282591e-01 -1.145811579239240392e-03 9.065449024560410726e-03 9.999591667921274851e-01 2.290696193968230071e-02
8.011275142962922535e-01 5.980825032965184640e-01 -6.346759145967646384e-03 3.405676555569930652e+00 -5.980835053252819833e-01 8.016578636656895851e-01 -9.593128872104320429e-03 -3.921429042946362187e-01 -5.962409084295479996e-04 1.144613806866642478e-02 9.999355051996230426e-01 2.926124372609880536e-02
9.103389108784539774e-01 4.134122015985881582e-01 -3.582210560387518675e-03 3.861240946064191437e+00 -4.134054582030035063e-01 9.107070405949223568e-01 -8.294178569315158525e-03 -2.058361794611884010e-01 -1.342612125132105008e-04 9.003722300962876610e-03 9.999605184298177019e-01 5.183894473886033888e-02
9.519359902430805098e-01 3.058112320527742733e-01 -4.020616849035674525e-03 5.482400204143623945e+00 -3.058153134961626995e-01 9.522177504238750201e-01 -6.244585103832144685e-03 -9.715382224725607752e-02 1.940973470576123992e-03 7.151259227733329678e-03 9.999736397113355713e-01 5.234483160651775407e-02
9.524964462253537878e-01 3.040731410039109739e-01 -3.232103820894010812e-03 5.637021439366735720e+00 -3.040722293617529326e-01 9.527723284879658916e-01 -6.650804746843885090e-03 -9.614444172561825708e-02 1.079019398129617887e-03 7.295446428627991309e-03 9.999738539438277618e-01 5.453136655687838147e-02
9.555696302460766622e-01 2.942734619230819026e-01 -4.232079433087539491e-03 6.594948953188009000e+00 -2.942792047582191706e-01 9.558431179040031145e-01 -5.921087136511636421e-03 -8.678713271046104016e-02 2.323934380627994990e-03 6.881177055816812584e-03 9.999747477131197826e-01 7.859995744021877617e-02
9.547310337936282254e-01 2.968610605342842934e-01 -9.335390543775618985e-03 6.769096846863085659e+00 -2.969073924772233086e-01 9.550299402353490397e-01 -6.102827342019628669e-03 -8.928938694719980307e-02 7.124470551935546681e-03 8.573638811180729971e-03 9.999395019022890851e-01 8.327823048790336524e-02
9.535995577463394213e-01 3.004708613028042596e-01 -9.338558546105598518e-03 6.899137788574567942e+00 -3.005141455461156075e-01 9.539052170102739758e-01 -5.701049366909525032e-03 -9.347963203844728008e-02 7.216210253050752907e-03 8.217932091267192429e-03 9.999418160240066689e-01 8.513570436158351962e-02
9.533616074414535957e-01 3.013012616806924893e-01 -6.415336183025258793e-03 7.067126833975843070e+00 -3.013211894284713588e-01 9.536513200920614386e-01 -5.635916783349390058e-03 -9.752433319433748138e-02 4.441525716356788112e-03 7.282446971324484097e-03 9.999649645796501174e-01 8.664914790146115153e-02
9.492080190746985391e-01 3.141341072399413403e-01 -5.973787581521424264e-03 7.596169464922820858e+00 -3.141493585001137734e-01 9.495091216279636370e-01 -5.481882541437361513e-03 -1.073657947552076053e-01 3.973125059957817451e-03 7.055846834147440523e-03 9.999685006633761697e-01 1.037559140042917938e-01
9.483036414756900179e-01 3.168324517183722100e-01 -6.848790631633996408e-03 7.785833164364501791e+00 -3.168540675752041791e-01 9.486109562488685976e-01 -5.512897906589016642e-03 -1.119609994631728528e-01 4.773291075754307160e-03 7.373168995920473950e-03 9.999627986779819899e-01 1.107893933423415578e-01
9.441109961573859177e-01 3.290852750102408186e-01 -7.548288690492550509e-03 8.271466923850432806e+00 -3.291110450691866474e-01 9.444340735835053957e-01 -5.428865167220570456e-03 -1.224192965649555098e-01 5.366535494390420498e-03 7.583867539425593815e-03 9.999582574913126187e-01 1.249324770923072592e-01
9.416480297941763888e-01 3.360563786146903431e-01 -7.704085720133958815e-03 8.440233123157819151e+00 -3.360771884198788251e-01 9.419858958344561328e-01 -4.413355214345397216e-03 -1.185729334816527369e-01 5.799363502718125896e-03 6.718511863295811501e-03 9.999620192668028373e-01 1.307179644432729937e-01
8.975995657030297892e-01 4.403086792855114284e-01 -8.033539360505770333e-03 8.807935167135756416e+00 -4.403357673234178371e-01 8.980217637218494975e-01 -6.249873396632224000e-03 -1.524042617524640764e-01 4.497658016424401634e-03 9.116018452859036766e-03 9.999498305922831509e-01 1.407323344499991913e-01
8.667881753915227527e-01 4.981515229912723552e-01 -1.054086637260986947e-02 9.073108011032159581e+00 -4.982016629758309056e-01 8.672734402267270326e-01 -6.536581492955568368e-03 -1.915655630021761979e-01 5.926650237040040695e-03 1.088272161966848117e-02 9.999249711182349731e-01 1.488907054222529114e-01
8.844749495185035837e-01 4.660655637716138999e-01 -9.612303486422104845e-03 9.258372993241705373e+00 -4.661174086837284181e-01 8.849050099682627124e-01 -8.414166729046908613e-03 -1.601697275814085164e-01 4.621218094653592109e-03 1.189013487528209692e-02 9.999203442637389916e-01 1.553125695509639248e-01
9.526853915037436504e-01 3.034421749994488660e-01 -5.804700242954312361e-03 9.579672366353470636e+00 -3.034726291210854132e-01 9.529299032023119675e-01 -1.036950851417662613e-02 -4.080240142877997189e-02 2.404637355088237293e-03 1.161787553071729276e-02 9.999311133335151425e-01 1.588660318088421786e-01
9.648167585640793353e-01 2.624055817966317594e-01 -5.133066476557917625e-03 9.748510592466807623e+00 -2.624341971876458235e-01 9.650142046386480654e-01 -1.096744419104663144e-02 -2.811782712602301296e-02 2.091213323455610573e-03 1.190884717148186882e-02 9.999284051658586803e-01 1.635919388188712964e-01
9.672936822216346986e-01 2.527493142527916792e-01 -1.488255669202265090e-02 9.896001215329102152e+00 -2.529177812350615340e-01 9.675375679343114488e-01 -1.182444044787596751e-02 -2.266743938632597571e-02 1.142399313498385083e-02 1.517818006902011026e-02 9.998219800079213293e-01 1.665577114817604065e-01
9.635522413298566180e-01 2.668438256935053987e-01 -1.053722063716727372e-02 1.054214073341844582e+01 -2.669487529066989495e-01 9.637635517600589008e-01 -1.209343128963095981e-02 -3.439574953828496151e-02 6.943170636751597007e-03 1.444321166633481118e-02 9.998736614807369749e-01 1.699808297377445876e-01
9.606977270705179262e-01 2.769699026922965990e-01 -9.431044791910153310e-03 1.072726871530906401e+01 -2.770520695169675918e-01 9.609239795644557436e-01 -1.113752058268021282e-02 -2.979570335131249623e-02 5.994117142969920820e-03 1.329009484883036073e-02 9.998957144028605137e-01 1.744442463892460771e-01
9.455455228540408097e-01 3.248345281008314100e-01 -1.133118078594206463e-02 1.222886076681048806e+01 -3.249519870957365830e-01 9.457951697004706171e-01 -1.316107389290804321e-02 -9.399634046414595545e-02 6.461435501756910074e-03 1.610089438289475511e-02 9.998517396087417408e-01 1.815430201031218715e-01
9.427908258945638664e-01 3.326815743790149105e-01 -1.281553544337534455e-02 1.238499883848943739e+01 -3.328159473491708598e-01 9.430710827118475859e-01 -1.233577356487508894e-02 -9.329006083468562027e-02 8.002611283734016936e-03 1.586844319184884528e-02 9.998444034217844889e-01 1.786064500106105402e-01
9.293424264195172535e-01 3.685286218868278341e-01 -1.334480817492711413e-02 1.288629806817004031e+01 -3.686486167384421808e-01 9.296914072629428594e-01 -1.004975735195138935e-02 -1.049729294448243783e-01 8.727933239148616060e-03 1.422987851901151915e-02 9.998629329720399861e-01 1.812617773270426835e-01
8.850842585146289077e-01 4.648962657808772270e-01 -1.017235632293144246e-02 1.410294060831885687e+01 -4.649700815508918117e-01 8.854685779722450967e-01 -1.186137489092454513e-02 -2.132656008469412390e-01 3.528026221988555654e-03 1.519649770885701801e-02 9.998802940841015063e-01 1.916698204602645117e-01
8.735679896110200016e-01 4.859266823937425928e-01 -1.862405014713428703e-02 1.451328582586665128e+01 -4.861343855068450126e-01 8.740475798591577083e-01 -1.089145128241326629e-02 -2.320857406887282259e-01 1.102172501238528161e-02 1.853210804645239254e-02 9.997703015267358495e-01 1.943401118418260631e-01
8.947568494095685665e-01 4.457087609199693046e-01 -1.922590659944192065e-02 1.477260903068046005e+01 -4.459402004721136348e-01 8.951982525048155503e-01 -1.177289160101542900e-02 -2.214037228668231383e-01 1.199470084594868834e-02 1.907279664245665682e-02 9.997490852497453728e-01 1.895656127591248685e-01
9.270977947479895898e-01 3.739100117479149388e-01 -1.857295863758566881e-02 1.538524948966360739e+01 -3.741592475498391468e-01 9.274398260137893812e-01 -1.389554149915593617e-02 -1.692744978783141674e-01 1.205245929146775072e-02 1.980082881315317969e-02 9.997342680283541894e-01 1.929209040733801395e-01
9.348806151098690842e-01 3.541361828842617410e-01 -1.627079344605178446e-02 1.577703570140061551e+01 -3.543499484798574017e-01 9.351690911347209090e-01 -1.459753121268693964e-02 -1.613533814453943227e-01 1.006741946058438072e-02 1.938362505904967989e-02 9.997642488104429015e-01 1.992419347378764916e-01
9.526589901247023429e-01 3.030199685830795575e-01 -1.838927421268811424e-02 1.672066077236310733e+01 -3.033127555548935650e-01 9.528828494842760399e-01 -1.713857724464797061e-02 -1.207222933214540661e-01 1.234415866078497973e-02 2.187809023772890188e-02 9.996875665122627597e-01 1.971946730195078545e-01
9.282998745650034023e-01 3.704016701865733840e-01 -2.695835213505385838e-02 1.806212304073288522e+01 -3.708462206374657510e-01 9.287561909928343518e-01 -1.467541740305141826e-02 -2.374360003236322680e-01 1.962258594174794493e-02 2.358633978334776990e-02 9.995329554431642283e-01 1.971972325549322114e-01
9.218770381281656823e-01 3.860991524337560321e-01 -2.690219365431749388e-02 1.845998361683852096e+01 -3.865383249324096382e-01 9.223455250784832193e-01 -1.443620166553870321e-02 -2.375980686631766481e-01 1.926156699320285062e-02 2.367220418715461003e-02 9.995379284922599750e-01 2.165995704216684414e-01
9.541350021434413797e-01 2.977496978089606006e-01 -2.631562767684024473e-02 1.861751815397885679e+01 -2.982214312015218360e-01 9.544904959209111750e-01 -1.690168343589883507e-02 -1.892719657662555177e-01 2.009872134325618384e-02 2.394417147923311520e-02 9.995150399346969250e-01 2.228336069966684874e-01
9.909338567031510392e-01 1.318822797269691982e-01 -2.293573399983939165e-02 1.927759216625350192e+01 -1.323219763786400160e-01 9.910873497608877480e-01 -1.905113737525665832e-02 -1.804466647509553323e-02 2.021818432846625088e-02 2.189424008237841890e-02 9.995595464425957033e-01 2.503793364477585603e-01
9.955544610963590335e-01 9.041669576440651557e-02 -2.458313311153378228e-02 1.953565983845850695e+01 -9.094886049045110277e-02 9.956659268608488711e-01 -2.154031277277712597e-02 3.194329395665667509e-02 2.252417770135618086e-02 2.366339681962273400e-02 9.994702068855666477e-01 2.599471233516387203e-01
9.879577082569284130e-01 -1.546237655414855194e-01 -1.345958970945378488e-02 1.936010527300255646e+01 1.543205357936435207e-01 9.877292148364676949e-01 -2.054674749511899851e-02 3.423150808893725139e-01 1.645261191222402788e-02 1.822901977013652308e-02 9.997016618921352737e-01 2.792488837858787543e-01
9.743398530304593352e-01 -2.252556898418490716e-01 -1.180246209830615109e-02 1.940196948889857254e+01 2.249665244501993511e-01 9.740286372401267823e-01 -2.090390934126940686e-02 3.782397862321600912e-01 1.618222323564527665e-02 1.772613515428828057e-02 9.997151192545421505e-01 2.788364592569601563e-01
9.588651061053830027e-01 -2.839125974715623335e-01 -1.555924793018087157e-02 1.953709173652501718e+01 2.834747383447037139e-01 9.585202035390546493e-01 -2.460913309912622637e-02 4.184346286333855969e-01 2.187469797585159942e-02 1.920325668812841377e-02 9.995800096795810497e-01 2.751123274808221497e-01
8.471082601437378568e-01 -5.318003775390113264e-01 -7.390383350506992723e-03 1.992011960488086686e+01 5.316102947941123702e-01 8.465598291582904222e-01 -1.630836580510357584e-02 7.875086486581239775e-01 1.489958403432333628e-02 9.934799722984789458e-03 9.998422783413231096e-01 2.738409032976402702e-01
8.326544419431911592e-01 -5.542012303174708165e-01 -4.309976965699054662e-03 2.010506788457804106e+01 5.540255501867280552e-01 8.320309069806358648e-01 -1.751760952165094809e-02 7.922185766779621385e-01 1.326318752100073134e-02 1.225077434046790287e-02 9.998396627256594948e-01 2.737983055219733175e-01
8.256882732900125976e-01 -5.645189075146693769e-01 -5.783694200468213024e-03 2.032613530327760998e+01 5.643120571937791929e-01 8.250675970684949734e-01 -1.834620910758330212e-02 7.961561035943228726e-01 1.509760535294806839e-02 1.193737216563884110e-02 9.998175154906001616e-01 2.698693587291863261e-01
8.269883143490716071e-01 -5.626103783140435910e-01 -5.923851370391122230e-03 2.046755586674138883e+01 5.624029913029261474e-01 8.263719333278847223e-01 -1.828856505151370618e-02 7.911976134480355194e-01 1.515359745529585266e-02 1.184548393073550816e-02 9.998177640155897494e-01 2.710262464158347262e-01
7.633482372667744764e-01 -6.463653129611721670e-01 -4.478099459457717674e-03 2.117746403658154719e+01 6.461821078828160481e-01 7.626588729094688768e-01 -1.700756855381715255e-02 8.742058954647422553e-01 1.437756326771837817e-02 1.015348045318312069e-02 9.998476423069829755e-01 2.895311209806061825e-01
8.401666653213417657e-01 -5.427053079454237094e-01 -7.457089350520888435e-03 2.175810277099056833e+01 5.424825314409519317e-01 8.395896890597334128e-01 -1.828645247686479236e-02 7.704035940339530875e-01 1.615454663550637895e-02 1.136785065342915506e-02 9.998076738530681240e-01 2.901748522694568844e-01
8.448720009347444604e-01 -5.353861181907105804e-01 -3.738287579926272662e-03 2.212950487431043101e+01 5.352037854231617153e-01 8.442390424399984772e-01 -1.880992661371271024e-02 7.591374926256686528e-01 1.319492498378002296e-02 1.394142173243529889e-02 9.998184399208871476e-01 2.980702875928640250e-01
8.488948337720814141e-01 -5.289780301989674971e-01 -4.143430136000783581e-03 2.231684860845591700e+01 5.288031441590218540e-01 8.482845204673743478e-01 -1.791148584720973422e-02 7.537313365184241665e-01 1.295848103649645429e-02 1.306333936742840041e-02 9.998333311747499286e-01 3.050714670341213020e-01
8.668053454415810544e-01 -4.990871508375523957e-01 -4.756278012086598067e-04 2.362394459764145793e+01 4.989610061602852142e-01 8.661641556374378714e-01 -1.885293420949600909e-02 6.985298276914354565e-01 9.789202009822878942e-03 1.615190551877678307e-02 9.998242174994116382e-01 3.464154001142520922e-01
8.732137947956027935e-01 -4.877763837602233643e-01 2.151502440422572125e-03 2.396118511317826361e+01 4.877039400076075282e-01 8.725758645130125002e-01 -1.792812475717341786e-02 6.865350105096056366e-01 6.835496394891986231e-03 1.675186994320386133e-02 9.998386978923901047e-01 3.545950933345867195e-01
8.862911513043708611e-01 -4.635756072917978643e-01 1.488845100350196177e-03 2.450814887362865946e+01 4.634975901190758196e-01 8.856800400094658743e-01 -1.794770165785003826e-02 6.635682774631251890e-01 6.970076445893116229e-03 1.664142785359065679e-02 9.998396204847632696e-01 3.722298776392249930e-01
8.940489539163845034e-01 -4.483868481345117396e-01 5.657650934625811819e-03 2.481774860231777780e+01 4.483885316727386772e-01 8.934462195198703549e-01 -1.713244119155786158e-02 6.535583862895301133e-01 2.595542591362844705e-03 1.789893174718572635e-02 9.998385552670492338e-01 3.783233618969520928e-01
9.111116760481776655e-01 -4.126151945198663906e-01 2.009749472397717642e-03 2.552438627366631962e+01 4.125617655818166751e-01 9.105572092601412759e-01 -1.722249690972313049e-02 6.224403205330202304e-01 5.246429182431210266e-03 1.656004253722297842e-02 9.998513860800448683e-01 3.982619401031091688e-01
9.117475226873658078e-01 -4.112063483726258184e-01 2.140637415770070637e-03 2.560954558402013603e+01 4.111543880315356447e-01 9.111904654532185788e-01 -1.741620543084739653e-02 6.234722847255098621e-01 5.181211824881610736e-03 1.679847657606316907e-02 9.998477935065762656e-01 3.990655102915676711e-01
9.184998359787334143e-01 -3.958845971660277518e-01 -4.902456712263059211e-04 2.601416641781048256e+01 3.957967181057917005e-01 9.179819121779576596e-01 -1.689507077912396835e-02 6.119066415461694719e-01 7.109852245820592019e-03 1.536044764736101131e-02 9.998590771185814630e-01 4.067010952740736651e-01
9.212121795057648388e-01 -3.895228131897443546e-01 1.457342550574156938e-03 2.619283900564423817e+01 3.894705241169380550e-01 9.206987974209258629e-01 -1.620962165027389768e-02 6.098485554698477307e-01 4.943690391476549678e-03 1.553681037587404355e-02 9.998692884696476213e-01 4.062202030759201055e-01
9.264401900072208873e-01 -3.769002167474785336e-01 2.614486980947593620e-03 2.647708549685012613e+01 3.768731486036195899e-01 9.259531635391035076e-01 -1.496158710515714009e-02 6.079305688750465952e-01 3.190350887183748558e-03 1.488246034581660812e-02 9.998861819300456366e-01 4.018754316129383164e-01
9.357590664277646297e-01 -3.530921907980598684e-01 3.693747568303477891e-03 2.752506404749753344e+01 3.530806068765223737e-01 9.352557663315057557e-01 -1.721095808659694332e-02 5.914739093302405770e-01 2.594311165166844364e-03 1.744340392160729364e-02 9.998466438672120038e-01 4.093148657229060405e-01
9.388469266348052900e-01 -3.447840178574309578e-01 4.039016788261746115e-03 2.787520803384871471e+01 3.447791923656409185e-01 9.383421594209597760e-01 -1.771052028970743555e-02 5.901711097237863912e-01 2.288205773659815652e-03 1.805320995779581897e-02 9.998365661552014449e-01 4.125539022459843164e-01
9.423082683378605218e-01 -3.352116807638050866e-01 2.428495615897011909e-03 2.830207275009204437e+01 3.351759156924747907e-01 9.417974711167951263e-01 -1.883783366149556146e-02 5.723436343268203386e-01 3.999517857386531740e-03 1.859633805679558605e-02 9.998214360886416019e-01 4.149004661199877653e-01
9.463143470641469657e-01 -3.237127064493139361e-01 2.670850023501845222e-03 2.849326260441503322e+01 3.236821146502143476e-01 9.458025971469280480e-01 -1.942259504001820139e-02 5.605994200981140319e-01 3.733393152273446237e-03 1.927462993187130380e-02 9.998096801328552052e-01 4.111700305770351616e-01
9.584122468203714051e-01 -2.858605505612830666e-01 2.119357911481092958e-03 2.863304720704583417e+01 2.858235459390288113e-01 9.579104675519564127e-01 -2.086180998578530954e-02 5.466185443565658719e-01 3.906558755230854496e-03 2.062618637581380837e-02 9.997821738854132390e-01 4.247328551790855999e-01
9.995898197789776507e-01 -2.909721326804160652e-02 -1.582006692892679381e-03 2.902288980757208847e+01 2.903471051570219452e-02 9.991394104970401369e-01 -2.906690395528142845e-02 2.133146272494978457e-01 2.410115105498863118e-03 2.901205613201857103e-02 9.995792242162622188e-01 4.451327756370564992e-01
9.997780838562101424e-01 1.981845395822619607e-02 -5.581029710058687567e-03 2.973041208703239136e+01 -1.998641828527311995e-02 9.993133239880434004e-01 -3.144803921445542272e-02 1.975452767454560221e-01 4.939850755210937160e-03 3.155040292807557989e-02 9.994933482613576059e-01 4.372159260248424384e-01
9.804527740430696303e-01 1.953956437698916304e-01 -1.853844940351609752e-02 2.953409783081433559e+01 -1.959389948257964364e-01 9.800851828042186353e-01 -3.498928441673507944e-02 1.412765872616767449e-01 1.132933039472832672e-02 3.791941388599692070e-02 9.992208197783591928e-01 4.172134756654213295e-01
9.572573801124734105e-01 2.879453018318468005e-01 -2.180758461513834096e-02 2.956511996026242883e+01 -2.885679330779384877e-01 9.569180066258063944e-01 -3.606088526323053545e-02 1.295372255550995833e-01 1.048840390356532010e-02 4.078865525574674328e-02 9.991171431713028461e-01 4.121411320973399350e-01
9.115703662304853738e-01 4.099949571083844613e-01 -2.410340608114722172e-02 3.003413989965738295e+01 -4.106082566871284700e-01 9.113625523486196256e-01 -3.428841452492623065e-02 -8.685425527969417581e-02 7.925045935095209951e-03 4.112378631841830806e-02 9.991269061298710952e-01 4.198913321748384830e-01
9.001004765338008751e-01 4.345130032160915423e-01 -2.527437317329016622e-02 3.014408974474363845e+01 -4.351505061485393955e-01 8.999418614467519228e-01 -3.348781685430692739e-02 -9.484379883982922699e-02 8.213459164939774723e-03 4.110959366242532276e-02 9.991251843425329460e-01 4.186663286743868007e-01
8.939719214881010068e-01 4.470474663585942698e-01 -2.401011737993178838e-02 3.025732422239966368e+01 -4.476148877625491518e-01 8.938614796709961619e-01 -3.214305144323811869e-02 -1.008322610706325340e-01 7.113347246967886145e-03 3.945114053074299382e-02 9.992003215256669568e-01 4.168866620675620860e-01
8.873790160907959468e-01 4.599969386393772397e-01 -2.381925835257725499e-02 3.032833069119299552e+01 -4.605406935655334544e-01 8.873144802767686246e-01 -3.104538239920067583e-02 -1.047721625420406921e-01 6.877432324103210579e-03 3.848706825864197517e-02 9.992395108052191111e-01 4.161962533344689130e-01
8.816369104813851498e-01 4.708588784258873616e-01 -2.465508258388865795e-02 3.036678015510279849e+01 -4.714237187631964421e-01 8.816052570020054269e-01 -3.044303106055427921e-02 -1.123998690326354077e-01 7.425999567785488732e-03 3.843022438475168084e-02 9.992378525819853863e-01 4.200796233557096970e-01
9.336492179567307259e-01 3.573738987582277260e-01 -1.611028908453597877e-02 3.056190482671176412e+01 -3.577196566536354760e-01 9.331732199431668207e-01 -3.927756506973342082e-02 -7.005663614601509437e-02 1.006853454019185573e-03 4.241119808001787839e-02 9.991038042407669462e-01 4.226234917600567020e-01
9.316128189790983116e-01 3.627121194388370773e-01 -1.450107075384923436e-02 3.095239429910784779e+01 -3.629852550021112623e-01 9.311645400201359335e-01 -3.868602437375179975e-02 -7.601916894697709204e-02 -5.179687391962513538e-04 4.128121833738319230e-02 9.991513231426547570e-01 4.202405047114730063e-01
9.280465839676937945e-01 3.717315891403606964e-01 -1.453847425120310607e-02 3.124565417428012282e+01 -3.719982911172542428e-01 9.276229969229703443e-01 -3.823318712767851540e-02 -7.912392518915324635e-02 -7.140819365809575195e-04 4.086718371202668898e-02 9.991681713618465466e-01 4.164309092872571783e-01
9.110004674787839374e-01 4.116569178262474149e-01 -1.596625406301071734e-02 3.267303736539941639e+01 -4.119446646992062644e-01 9.105674653039930178e-01 -3.905793072886726974e-02 -1.024712082179608380e-01 -1.524314518757401106e-03 4.213405501831467975e-02 9.991147313159037813e-01 4.226933069348406402e-01
9.085249151505194742e-01 4.169506436933259064e-01 -1.920003342569023136e-02 3.296498736350906000e+01 -4.173709273317287582e-01 9.081265341111386391e-01 -3.832000877532665967e-02 -9.908311031066667496e-02 1.474577129153939849e-03 4.280155863631245755e-02 9.990866291053704940e-01 4.316943176754787781e-01
9.597205417997655141e-01 2.803003329577475888e-01 -1.034006063409848193e-02 3.448986019437840866e+01 -2.804788422673888948e-01 9.593248572400167040e-01 -3.584119615242048473e-02 1.729968841548709668e-02 -1.219907154422641640e-04 3.727933635629021580e-02 9.993085727671455754e-01 4.696223697544072984e-01
9.667286310603530053e-01 2.551602539197274089e-01 -9.441684672917644017e-03 3.484101636308790972e+01 -2.553241084223507595e-01 9.663126328823542499e-01 -3.585047223067835964e-02 2.327462498822116879e-02 -2.141757555281093492e-05 3.705155247397326490e-02 9.993170650771719954e-01 4.730109054868176788e-01
9.780805472725824234e-01 2.076112480546027095e-01 -7.625675143689759905e-03 3.534084010486172645e+01 -2.077426368028374992e-01 9.775379583769605585e-01 -3.815750592476863101e-02 5.151583125835787480e-02 -4.701880507605458504e-04 3.889198498530242049e-02 9.992470575178168390e-01 4.988260029640901316e-01
9.523674017619528920e-01 3.042949246706568855e-01 -1.094461429599250836e-02 3.642080532376637336e+01 -3.044760209648532112e-01 9.518987478552407566e-01 -3.820805530924049204e-02 -5.336024516407728013e-02 -1.202409576695880706e-03 3.970129725482467176e-02 9.992146482194079748e-01 5.364074496238900869e-01
9.402250367950105714e-01 3.398414984823270313e-01 -1.323084679766889371e-02 3.670946383240768540e+01 -3.400837124837484127e-01 9.398547200176483596e-01 -3.634953568021032783e-02 -7.158590214308646615e-02 9.199198314714258896e-05 3.865434286954755327e-02 9.992564653147434361e-01 5.373286527454828043e-01
9.104094917702012513e-01 4.129603777856254432e-01 -1.598703501418850120e-02 3.731071956134737633e+01 -4.132504322625203397e-01 9.101489936771010036e-01 -3.480085589054986855e-02 -1.191930779414090424e-01 1.970722827300757469e-04 3.826359131442846895e-02 9.992714610946777931e-01 5.362060094241940522e-01
8.843911126907268994e-01 4.659442889521498432e-01 -1.876214738224472878e-02 3.783535198738356087e+01 -4.662996802680829944e-01 8.840863679485764237e-01 -3.670531004313858786e-02 -1.542705042108190594e-01 -4.929233747043704336e-04 4.118245706154630148e-02 9.991554897901049337e-01 5.435275116337600076e-01
8.894521105803210315e-01 4.561713381340312679e-01 -1.979468829391954274e-02 3.860874137416515595e+01 -4.565783618472771255e-01 8.891497353877222398e-01 -3.653170752467296833e-02 -1.418371918718990821e-01 9.568056513973925399e-04 4.150262260821815236e-02 9.991420381446953769e-01 5.488114264782747442e-01
9.542471650598269850e-01 2.984483056209586427e-01 -8.058587904455818268e-03 3.915271507623121039e+01 -2.985093229981652940e-01 9.536669979895837646e-01 -4.102138863365481503e-02 -1.348725687939950069e-02 -4.553106035572265960e-03 4.153304895821763321e-02 9.991304860660323861e-01 5.510536769020453196e-01
9.586406218606852159e-01 2.840854319186364441e-01 -6.306828895922520634e-03 3.934179736730612831e+01 -2.840842961427201274e-01 9.580304140324946705e-01 -4.163142508058138153e-02 -1.381562264062030296e-02 -5.781765690363216588e-03 4.168569446693116964e-02 9.991177574433611763e-01 5.510168342658048335e-01
9.672237721322479720e-01 2.533958624881316735e-01 -5.560939974770763225e-03 3.965814150781457670e+01 -2.533863466565136613e-01 9.665305100960872586e-01 -4.297961794739623559e-02 -8.886247791627888137e-03 -5.516579637702948360e-03 4.296632796436386514e-02 9.990650953075467244e-01 5.520830730958510291e-01
9.708481908871814392e-01 2.392153828565045659e-01 -2.205464347329819715e-03 3.983854790516668487e+01 -2.390778041629588180e-01 9.701666739142656981e-01 -4.288401759753595471e-02 -2.705490369297488054e-03 -8.120308319535080380e-03 4.214966439264669629e-02 9.990818349886706473e-01 5.646925873666588380e-01
9.296810533452013470e-01 3.678133619992308145e-01 -8.759417701731770159e-03 4.092829899625677825e+01 -3.678350829955874812e-01 9.291603155942593784e-01 -4.103637794776587855e-02 -1.237406286350431067e-01 -6.943335107199700637e-03 4.135279201516869896e-02 9.991240331730423252e-01 5.899081779743532428e-01
9.232948190911698383e-01 3.834411175252156467e-01 -1.256389954960353099e-02 4.104056082062403732e+01 -3.836038887406166831e-01 9.227340224847787598e-01 -4.179680313962395172e-02 -1.364190949762226213e-01 -4.421335321644755297e-03 4.338837799761948583e-02 9.990523518548332094e-01 5.869472673388503869e-01
8.742578509566460987e-01 4.843326619532969390e-01 -2.621023256589756142e-02 4.190748048361690792e+01 -4.850177103901566200e-01 8.735945785111909334e-01 -4.462936783373284283e-02 -2.808699295819774289e-01 1.300973171090936097e-03 5.170072181852707754e-02 9.986665547180054725e-01 5.909626073750103847e-01
8.876404913373620031e-01 4.592775184881622841e-01 -2.764662877001987026e-02 4.207621028036277266e+01 -4.600755425526394382e-01 8.869128979859700612e-01 -4.585971115894194039e-02 -2.675181248537162326e-01 3.473413561745897042e-03 5.339737507226786917e-02 9.985723929654637399e-01 5.928959657282935058e-01
9.589974226270039370e-01 2.824815123827212893e-01 -1.623926144194104068e-02 4.242109621257837659e+01 -2.829340097468391879e-01 9.579449205714294369e-01 -5.047162181778153817e-02 -1.715525969902641779e-01 1.296315560965989730e-03 5.297852005617240123e-02 9.985997439773679485e-01 6.052782283371219707e-01
9.682201452077693338e-01 2.490065536241971023e-01 -1.758054064775166347e-02 4.269149235369652473e+01 -2.495851501394096839e-01 9.670672110224393103e-01 -5.212498022646288448e-02 -1.581883848190987207e-01 4.015354088031121080e-03 5.483894771761117781e-02 9.984923337539105548e-01 6.115815818917423874e-01
9.730507433908528458e-01 2.294015648113439942e-01 -1.810221773618436725e-02 4.284561185901558389e+01 -2.300418553945718092e-01 9.718550914380421624e-01 -5.281914241867319282e-02 -1.533388057492815759e-01 5.467057410224642443e-03 5.554325157858747142e-02 9.984466042325271795e-01 6.095189917629308951e-01
9.729800718786049130e-01 2.297363711504960548e-01 -1.764303550272026261e-02 4.323200814075438103e+01 -2.303569240127131268e-01 9.717102037436524675e-01 -5.409692352671326143e-02 -1.625979738517040196e-01 4.706466725041203586e-03 5.668312169514744953e-02 9.983864438995011525e-01 6.322828726071259009e-01
9.278632003818301222e-01 3.715199481355631050e-01 -2.658468233321870447e-02 4.377499658103768354e+01 -3.724248186739393951e-01 9.266914197511897378e-01 -5.357602494537825472e-02 -2.315681880326728725e-01 4.734196756169949984e-03 5.958717197688478268e-02 9.982174315696150657e-01 6.451246637813304874e-01
8.925281054646869716e-01 4.494825448616043273e-01 -3.114394095565711090e-02 4.418667273006427365e+01 -4.505195594767069101e-01 8.914654035168232404e-01 -5.198266002662680491e-02 -2.717757669174592494e-01 4.409487239839776640e-03 6.039826231848239441e-02 9.981702163029353425e-01 6.498044935305788972e-01
8.847546392242117141e-01 4.642950011406197230e-01 -3.522272751927880974e-02 4.425800037985523261e+01 -4.655473441933151713e-01 8.837912714276108250e-01 -5.067985188300552779e-02 -2.748784257633426487e-01 7.611496906278491202e-03 6.120618098404889684e-02 9.981019960716832617e-01 6.513585265448779138e-01
8.796767821325786052e-01 4.737183543717206624e-01 -3.681515772066796394e-02 4.447624202871624277e+01 -4.750253368974242107e-01 8.789078653426576349e-01 -4.761860151259737772e-02 -2.706363841065215214e-01 9.813709360392403741e-03 5.934458209789575389e-02 9.981952721673804652e-01 6.567473707787049308e-01
9.298483037841782650e-01 3.657821324266212759e-01 -3.538424632676077930e-02 4.480894439478651492e+01 -3.672223052312273417e-01 9.288213790817900772e-01 -5.256058079801559368e-02 -2.314808320362379268e-01 1.364124871442661154e-02 6.183847750758341560e-02 9.979992683398782871e-01 6.601136507060421099e-01
9.388217554019310240e-01 3.426265009846453657e-01 -3.009255580710321412e-02 4.611913432739954999e+01 -3.437895993508909287e-01 9.376882686726524252e-01 -5.343768939444625693e-02 -2.180136289895759638e-01 9.907850804512462889e-03 6.048827721230361915e-02 9.981257378663671576e-01 6.669303366699446123e-01
9.196044118033980252e-01 3.910485828849468160e-01 -3.252008292852721916e-02 4.645913022366073619e+01 -3.922726271972135081e-01 9.185293258200777355e-01 -5.261414046900224351e-02 -2.483883619803102238e-01 9.300274276632231746e-03 6.111287156194637749e-02 9.980935692917115576e-01 6.657786792245679042e-01
9.155020420719179874e-01 4.005727790502414121e-01 -3.224711618974831356e-02 4.655397217743504257e+01 -4.017655391877902882e-01 9.144125632623697486e-01 -5.275432036591927443e-02 -2.551204781978960723e-01 8.360490054675115065e-03 6.122436359527272387e-02 9.980950502149533721e-01 6.649144871076714258e-01
9.116496494533684603e-01 4.092852309060487359e-01 -3.189219486026389355e-02 4.665702828077205311e+01 -4.104363717445165261e-01 9.105958618158698226e-01 -5.207801474761064586e-02 -2.593447209240355433e-01 7.732679888791308895e-03 6.053832552317744281e-02 9.981418613075059287e-01 6.641964036099679003e-01
8.902399266264652278e-01 4.536770166153670236e-01 -3.546417482155301421e-02 4.686461410112332970e+01 -4.549651308131940075e-01 8.892581982251787087e-01 -5.109055963139098877e-02 -2.876913756768789687e-01 8.369158939045561602e-03 6.158706066054671358e-02 9.980726582689057880e-01 6.612214122703028440e-01
8.590582786412939154e-01 5.099138164746752633e-01 -3.978490158197751925e-02 4.717018293565199372e+01 -5.113632903229546889e-01 8.581840321099534208e-01 -4.942495548227227031e-02 -3.109114863526958872e-01 8.957276257277537942e-03 6.276996165966364227e-02 9.979939671613217156e-01 6.677442624197231780e-01
9.519127210307917197e-01 3.049371530732669644e-01 -2.431641894580518701e-02 4.742481478911517456e+01 -3.058295695022930083e-01 9.506270873896935925e-01 -5.524880524356289013e-02 -5.826574717929167146e-02 6.264465886254088657e-03 6.000701795076519157e-02 9.981840856751790225e-01 6.723419373039476454e-01
9.627895158175918677e-01 2.686400375515973216e-01 -2.479283077907436933e-02 4.789738574371358482e+01 -2.696495878150348968e-01 9.613137411261420961e-01 -5.839944454815135938e-02 -4.285958996037078639e-02 8.136394593512376316e-03 6.289156169969925547e-02 9.979933216245125971e-01 6.735828930196947617e-01
9.564629135269002713e-01 2.901392254505997248e-01 -2.693176797229324473e-02 4.850760667397766923e+01 -2.912508548175719580e-01 9.549533255999504977e-01 -5.916631258652311348e-02 -5.372334452637891888e-02 8.544550737798903284e-03 6.441262965825957088e-02 9.978930087740465193e-01 6.819372466692285029e-01
9.501945738796844232e-01 3.097590204909368428e-01 -2.984139436535479181e-02 4.856732350070718951e+01 -3.110177400667406555e-01 9.487339048231755445e-01 -5.875182218725174405e-02 -5.743317173653607333e-02 1.010666490775149855e-02 6.508327381292691727e-02 9.978349968718405183e-01 6.766400721200064305e-01
9.061128500669265451e-01 4.211430725054530755e-01 -3.501948641858193545e-02 4.889480682093093833e+01 -4.225108799065756537e-01 9.047550748944716004e-01 -5.714466691056509923e-02 -1.113942019591326604e-01 7.622850474728128795e-03 6.654712368823086088e-02 9.977605554701518553e-01 6.717762479128936981e-01
8.998945778861160427e-01 4.341654961026076287e-01 -3.619190297820411989e-02 4.895191629933212596e+01 -4.355839917854569254e-01 8.985509808809549748e-01 -5.695575422311835445e-02 -1.142685169604808065e-01 7.798145626054118519e-03 6.698956963752823734e-02 9.977296871739405049e-01 6.707759957994208211e-01
8.822115352363418816e-01 4.689010380637462783e-01 -3.785697121917767222e-02 4.923672651157487934e+01 -4.703645594482797621e-01 8.808134919738849211e-01 -5.759532265674997820e-02 -1.324360918921456687e-01 6.347666871432827013e-03 6.858776297576869851e-02 9.976314260017083990e-01 6.688959549401289895e-01
9.102301374094097230e-01 4.122295488289186571e-01 -3.438462038413193228e-02 4.984482581838807391e+01 -4.135844983608578662e-01 9.087679070014296201e-01 -5.869660706110985809e-02 -1.004061021137097887e-01 7.054526356425163888e-03 6.762066266943748960e-02 9.976926489982601565e-01 6.742222731986655671e-01
9.204254200379023976e-01 3.886756954616680249e-01 -3.739273794973251019e-02 5.011601711515352520e+01 -3.902895875603071274e-01 9.189758183517762191e-01 -5.914252755039493131e-02 -8.778719777445435912e-02 1.137594034141546639e-02 6.900177119140686599e-02 9.975584380444982857e-01 6.769964883451561333e-01
9.338380640555914436e-01 3.556590576816455740e-01 -3.358259573706221662e-02 5.040442772853441511e+01 -3.570842109892121141e-01 9.323405538630054057e-01 -5.956515993246517399e-02 -6.774432257557061465e-02 1.012293728454956646e-02 6.758987560163130792e-02 9.976684638724088172e-01 6.799825147011481219e-01
9.382987327238795361e-01 3.435818755279761993e-01 -3.507757218071239080e-02 5.056269155055287001e+01 -3.451306598643114620e-01 9.368373669880739607e-01 -5.939296699140369368e-02 -6.255303690384311777e-02 1.245172019825358488e-02 6.780810006479531804e-02 9.976274509539054813e-01 6.854201780101464303e-01
9.482058401951227733e-01 3.152342360975001756e-01 -3.519318232828492349e-02 5.099982805172366085e+01 -3.168607141629438129e-01 9.466956387677686324e-01 -6.042504103812480071e-02 -4.701644634726945965e-02 1.426214718405633373e-02 6.842094425214757802e-02 9.975615151581973539e-01 6.905201816305310825e-01
