0.000000000000000000e+00 0.000000000000000000e+00 0.000000000000000000e+00 0.000000000000000000e+00 0.000000000000000000e+00 0.000000000000000000e+00 0.000000000000000000e+00 0.000000000000000000e+00 0.000000000000000000e+00 0.000000000000000000e+00 0.000000000000000000e+00 0.000000000000000000e+00
9.999996266786079779e-01 -1.490931057423691914e-03 2.614963986980851853e-04 1.008483756059191383e-01 1.490944757153674517e-03 9.999979840719823709e-01 -4.535278974194570075e-04 -6.046949030041950945e-04 -2.611490793188674087e-04 4.541984067204586401e-04 9.999998858543290847e-01 -1.094787575365491206e-03
9.999971606342598074e-01 1.633579793551434870e-03 -1.149111700491317264e-03 2.400011004543557702e-01 -1.636117343119004863e-03 9.999971354498125020e-01 -2.067391436840851707e-03 -1.045738030919054692e-02 1.144834381504205786e-03 2.068690289317847222e-03 9.999974869178286374e-01 3.593807445927701960e-03
9.946527716556246013e-01 1.027393360898509606e-01 -3.189520369705307543e-03 2.657500573445634728e-01 -1.027421809611986508e-01 9.947547942740435634e-01 -2.511660561135259113e-03 -4.212653216662269606e-02 2.921080845157051058e-03 2.816430369396779199e-03 9.999922578770837900e-01 3.536450249836738113e-03
9.910164863984421979e-01 1.332147991832531297e-01 -3.307713201327062546e-03 2.957676328109720143e-01 -1.332160236618996074e-01 9.911488397591734500e-01 -2.414731108128150353e-03 -4.796167213079688407e-02 2.965550743087919279e-03 2.821862319027096042e-03 9.999921331211305553e-01 6.011241000983359728e-03
9.901531428053436112e-01 1.394723068910708186e-01 -3.023337444746000951e-03 3.646648976366003159e-01 -1.394711646732189059e-01 9.902919526858448007e-01 -1.980721725875822081e-03 -5.186915884246912078e-02 2.727259453715761249e-03 2.370697292509839002e-03 9.999939416354183264e-01 4.363572061598069984e-03
9.905480060573547130e-01 1.366805599342001687e-01 -1.040982300167791639e-03 4.527226885670039835e-01 -1.366753385909203200e-01 9.906794286747571121e-01 -2.409832795641383713e-03 -5.281922290001540149e-02 7.111211680995925110e-04 2.518348298731858375e-03 9.999969314508037055e-01 4.513299574885519527e-03
9.902622704341585980e-01 1.387324416005740191e-01 6.308974842077912136e-04 5.213255392806435129e-01 -1.387228091934785690e-01 9.903954178416320975e-01 -2.563269472009601074e-03 -5.517220087002056017e-02 -9.710266766163771265e-04 2.440475274524490923e-03 9.999967690112100405e-01 2.480720411555122074e-03
9.905397037354827239e-01 1.367335631526817030e-01 1.891250476070003433e-03 6.040896975568007532e-01 -1.367191395992676251e-01 9.906704957913292642e-01 -3.399060887889111381e-03 -5.571896443245247937e-02 -2.329444376121218331e-03 3.098875255376904586e-03 9.999926835828431004e-01 1.507739805083202489e-03
9.898719669136454291e-01 1.414585819935637312e-01 2.694150516640484924e-03 6.979572097729630498e-01 -1.414387872126783297e-01 9.900066736266880385e-01 -4.227985465547564117e-03 -5.946109148112153908e-02 -3.256340295786418725e-03 3.794795061898456959e-03 9.999876661700144442e-01 -1.190298612097073772e-04
9.897581434536121270e-01 1.422736911019790995e-01 2.486169360190357779e-04 8.113543898295908496e-01 -1.422636144046227069e-01 9.898881304330063857e-01 -4.401348360180905306e-03 -6.159528194018437652e-02 -8.635049481593171919e-04 4.310384619426012656e-03 9.999907444655175004e-01 1.176305841836235155e-03
9.893366715753665330e-01 1.451542865926018222e-01 -1.787128592216460790e-03 9.572971295329100183e-01 -1.451524633018770605e-01 9.894726560615570987e-01 -3.771645711609730462e-03 -6.434602614742186699e-02 1.230047465897897039e-03 3.979057008882000424e-03 9.999918822728927070e-01 2.068186484190555341e-03
9.892453860833119172e-01 1.457842715657014787e-01 -4.599419438803945318e-04 1.018490669175530661e+00 -1.457771407316605372e-01 9.893800431169853526e-01 -4.050503786873486077e-03 -6.381315873269427508e-02 -1.262326793084648873e-04 4.062839509367316936e-03 9.999922233003211147e-01 1.103091712530895885e-03
9.890777254322269396e-01 1.468769460057648413e-01 3.448674911538261636e-03 1.150992214189953788e+00 -1.468538102624123987e-01 9.892204374155025848e-01 -4.267197400787533720e-03 -6.503763282814908897e-02 -4.028789671770057618e-03 3.704801826680123415e-03 9.999851752977143571e-01 1.224609075803649583e-03
9.889501489344327823e-01 1.477220044249747399e-01 3.821995795802088196e-03 1.252145222504571942e+00 -1.476960026278051896e-01 9.890939638432989511e-01 -4.591774490002497634e-03 -6.699071438193862638e-02 -4.449216549655180507e-03 3.967365694126864101e-03 9.999823771968914254e-01 1.337723694991001244e-03
9.883204354479178111e-01 1.518420232719805973e-01 4.668660177148289785e-03 1.323620393755912339e+00 -1.518122826721271246e-01 9.884723541577298267e-01 -4.620330032414898640e-03 -6.833787691894741001e-02 -5.306600048148175409e-03 3.848542340743436006e-03 9.999785577289976857e-01 1.921031468022534050e-03
9.872512102767897479e-01 1.586425394170639103e-01 4.031880824916524685e-03 1.328344785191359678e+00 -1.586168982050601972e-01 9.874084445183506364e-01 -4.198511336352374161e-03 -6.955188969976108804e-02 -4.636627173140785499e-03 3.495552338316019157e-03 9.999832263302746993e-01 2.550202046262273203e-03
9.872691949865334271e-01 1.585249699629980857e-01 4.273288402309920707e-03 1.331097814200688179e+00 -1.584984449265500195e-01 9.874273929859596066e-01 -4.204147384046226336e-03 -7.055790389080709990e-02 -4.875470861831786296e-03 3.463531047347397432e-03 9.999822087089910161e-01 2.395066819903264588e-03
9.873012631342861223e-01 1.583269407479856727e-01 4.231276156504541926e-03 1.332367321159481754e+00 -1.583006349227311649e-01 9.874591058022036405e-01 -4.191617264758281183e-03 -7.106715267951636827e-02 -4.831318740724181889e-03 3.458782743533591990e-03 9.999824437562585544e-01 2.331484081673301789e-03
9.873683919198755765e-01 1.579057784230700479e-01 4.362023924517352894e-03 1.331325111079603829e+00 -1.578786126976891580e-01 9.875261330427776985e-01 -4.277367183292543271e-03 -7.143243457711154210e-02 -4.972562624076483882e-03 3.524977548164367949e-03 9.999815251884723866e-01 3.280646405194889703e-03
9.865386047632478395e-01 1.629971631204607807e-01 4.292007189306840630e-03 1.377967440221363971e+00 -1.629710065086733828e-01 9.867018618750900139e-01 -4.065555208677662166e-03 -7.313526163385199175e-02 -4.886594443492601331e-03 3.301241442920145770e-03 9.999827256706934620e-01 1.438231883461246752e-03
9.860070449155995398e-01 1.662002924648778579e-01 3.051785592987777372e-03 1.478540052864590448e+00 -1.661772452874058503e-01 9.861672081512729005e-01 -4.348234096551036564e-03 -7.561981497793203444e-02 -3.721192656440848196e-03 3.769364311604915356e-03 9.999862133708290468e-01 1.429367059228810188e-03
9.854178905519690446e-01 1.696658838310524942e-01 1.837736286995796673e-03 1.648737629238571811e+00 -1.696469657128691633e-01 9.855770693360953461e-01 -4.533464874571970470e-03 -7.890599040995835423e-02 -2.569234557227124786e-03 4.143910618389564163e-03 9.999884752157647272e-01 2.822373219039595038e-03
9.857589472612828807e-01 1.676671264779332204e-01 2.706089481768945981e-03 1.792154243648172107e+00 -1.676447038242960264e-01 9.859186487437456847e-01 -4.538930244536013014e-03 -7.852696494973070152e-02 -3.417949744198806299e-03 4.009501478014518110e-03 9.999864055200398116e-01 4.456263377359374889e-03
9.854270094242613132e-01 1.695920063353590357e-01 3.279993827302259829e-03 1.948119480689292748e+00 -1.695708176846864035e-01 9.855940729656955668e-01 -3.583461944766976482e-03 -7.924182430146867184e-02 -3.828728821549483383e-03 2.963922676782335813e-03 9.999884259701764533e-01 4.826422345617899234e-03
9.852866837429863356e-01 1.704085242025699387e-01 2.970227375932706169e-03 1.977165900100633200e+00 -1.703883893059159882e-01 9.854535865128462024e-01 -3.541291792972908921e-03 -8.209858644178270881e-02 -3.518680616696519964e-03 2.971758982185250357e-03 9.999895548181255700e-01 6.068836457730916734e-03
9.853121568009699516e-01 1.702724312528783590e-01 2.247106423366515039e-03 1.971877669042569892e+00 -1.702554391321952076e-01 9.854776419907642637e-01 -3.214022585030754282e-03 -7.972102053267729471e-02 -2.749836848435271552e-03 2.772517557003988890e-03 9.999926037832944647e-01 3.992186538882704083e-03
9.791262796534380142e-01 2.027702830148824520e-01 2.026310678861097895e-03 1.950629117532602042e+00 -2.027521000114642369e-01 9.793234246666835396e-01 -3.190185381441412640e-03 -8.296103815967814654e-02 -2.616540333142457729e-03 2.698684829933259942e-03 9.999931724970565483e-01 5.676261408022825750e-03
9.715083843502814176e-01 2.365248160275948142e-01 2.412629589948502712e-03 2.009682237941783356e+00 -2.365019811225214930e-01 9.717384696932346300e-01 -3.735263018588167415e-03 -8.991739911054058565e-02 -3.210325992387984707e-03 3.042199613889645486e-03 9.999904489886537462e-01 7.337435071282233379e-04
9.708889813877424890e-01 2.390541022412719374e-01 1.958865656365018932e-03 2.030446285629023517e+00 -2.390313597370894716e-01 9.711187152267787281e-01 -4.166322034317244440e-03 -8.752093840010018166e-02 -2.880689280316694849e-03 3.560458877308903328e-03 9.999898156020348150e-01 -1.342708118141772156e-04
9.695524906723066438e-01 2.444107591000738156e-01 1.677501350618720117e-03 2.131660107566756057e+00 -2.443893946720791799e-01 9.697877336319807862e-01 -3.900772166577188074e-03 -8.890909311850420105e-02 -2.562039834417694124e-03 3.355170390918099741e-03 9.999914617339619172e-01 -9.813248419473716289e-04
9.704147328286212293e-01 2.409759420307973077e-01 1.176275492640217847e-05 2.235553303308800199e+00 -2.409606106327648600e-01 9.706426315722946896e-01 -4.184588658011292525e-03 -8.807064607631259756e-02 -1.002278292274065953e-03 4.040583730230706133e-03 9.999918731600677679e-01 1.184681178560381687e-03
0.000000000000000000e+00 0.000000000000000000e+00 0.000000000000000000e+00 0.000000000000000000e+00 0.000000000000000000e+00 0.000000000000000000e+00 0.000000000000000000e+00 0.000000000000000000e+00 0.000000000000000000e+00 0.000000000000000000e+00 0.000000000000000000e+00 0.000000000000000000e+00
0.000000000000000000e+00 0.000000000000000000e+00 0.000000000000000000e+00 0.000000000000000000e+00 0.000000000000000000e+00 0.000000000000000000e+00 0.000000000000000000e+00 0.000000000000000000e+00 0.000000000000000000e+00 0.000000000000000000e+00 0.000000000000000000e+00 0.000000000000000000e+00
