0.000000000000000000e+00 0.000000000000000000e+00 0.000000000000000000e+00 0.000000000000000000e+00 0.000000000000000000e+00 0.000000000000000000e+00 0.000000000000000000e+00 0.000000000000000000e+00 0.000000000000000000e+00 0.000000000000000000e+00 0.000000000000000000e+00 0.000000000000000000e+00
1.000000108150368217e+00 -4.660133243138972286e-04 -2.044715136770239525e-05 -1.119520166533499728e-02 4.659770217906618458e-04 9.999996458792815845e-01 -8.431497741347800026e-05 1.788878946058632298e-03 2.041225321031492907e-05 8.433960624867549471e-05 1.000000007551770986e+00 -7.139631174701357996e-04
1.000000113668623403e+00 -6.082288545166139810e-04 -1.730066749443642975e-06 -2.149657639185308111e-02 6.081895981396775184e-04 9.999995136228538861e-01 -5.943336938219507691e-05 3.414970808308349752e-03 1.694037374047602878e-06 5.948599874773584460e-05 1.000000006706664113e+00 -1.287089155673493135e-03
1.000000101152966447e+00 -6.520499532909286491e-04 -8.945219408190852723e-05 -2.637355446035302697e-02 6.520127885297695739e-04 9.999994772987497171e-01 3.271277101170336980e-05 2.368335715133944308e-03 8.940117546354006662e-05 -3.276228683270952330e-05 1.000000012904048274e+00 -3.191031983677442008e-03
9.999963987532550780e-01 -3.236652624087469655e-03 1.697942130207011975e-04 2.603097040376267657e-02 3.236513255719867480e-03 9.999931119071628904e-01 -3.624699812606473103e-04 3.486072609006369422e-03 -1.690272945347053339e-04 3.633946408363571893e-04 9.999999875475807931e-01 -3.315492425930190168e-03
9.999993108928605379e-01 -1.729932677524884718e-03 5.345403132058810592e-04 1.168136044425522185e-01 1.730346406133245318e-03 9.999970498012634712e-01 -1.052748127448807853e-03 5.435776759488311453e-04 -5.333592714644451753e-04 1.054142459208221244e-03 9.999994032497342422e-01 -4.675793404199768410e-03
9.967701206902888078e-01 7.982262289165616143e-02 3.045917397505991538e-04 3.125445274790392691e-01 -7.981761684931321099e-02 9.968469297024489251e-01 -1.745763547779163828e-03 -2.270464401511498517e-02 -4.379112263946215579e-04 1.709669741534059016e-03 9.999986435988638123e-01 8.335550244912157125e-03
9.702402043045763591e-01 2.416586119965677126e-01 -2.782524743305220521e-03 5.971085658331422019e-01 -2.416413913552649950e-01 9.704815017621460926e-01 1.606503087260056613e-03 -2.293106460938225399e-02 3.108643332241354564e-03 -9.060466038154911831e-04 9.999950961925161419e-01 9.654032479422536284e-04
9.112449565173196264e-01 4.113934846039403181e-01 -5.325182455000185451e-03 1.581567235976940378e+00 -4.113659178592392607e-01 9.116651611441043412e-01 1.994158323604300689e-03 -7.679287624199621076e-02 5.711531757934773697e-03 3.424507314935950827e-04 9.999842605906597015e-01 1.469679691371401919e-02
9.093112319134457611e-01 4.156650786928010044e-01 -3.684930437463151531e-03 1.812025243080709558e+00 -4.156402053558979071e-01 9.097273146215127948e-01 1.244695589435765477e-03 -7.559513859794736446e-02 3.906468275221247448e-03 3.694764579164406984e-04 9.999928014386885167e-01 1.270579940712108363e-02
8.738492423834282041e-01 4.857597296708948131e-01 -4.544683755483201922e-03 2.581806350531727468e+00 -4.857252468691388159e-01 8.743387527539371318e-01 2.660723328942782122e-03 -1.112249466762364192e-01 5.311061173107485545e-03 -1.520022323754132766e-04 9.999864962724392958e-01 1.609601902288333025e-02
8.460141587924311368e-01 5.327239341733269740e-01 -6.118632345616151734e-03 3.059468124595187355e+00 -5.326827705401369073e-01 8.465602468367522393e-01 3.491630056273480141e-03 -1.368967562972605301e-01 7.090312213089633268e-03 2.681063969932012225e-04 9.999755814349688965e-01 1.497543510037174092e-02
8.273917994784443231e-01 5.612268473786319323e-01 -2.891768327004384364e-03 3.257624468686294072e+00 -5.611832545840732545e-01 8.279468831988645583e-01 4.048488954906623652e-03 -1.565122477829459513e-01 4.721365438042715752e-03 -1.764114415299789570e-03 9.999877539738518673e-01 1.228129396544229424e-02
7.023646726892521786e-01 7.114878859740975114e-01 -2.472244241797674508e-03 3.791000842563996720e+00 -7.114524972573059713e-01 7.030608266345094171e-01 -2.011086922029776351e-03 -4.263004658799443014e-01 3.809689417281258484e-04 3.132838987165564772e-03 9.999954282133218797e-01 7.672958577498993626e-03
6.916975327109481375e-01 7.218674536443256962e-01 -8.781823834647267983e-04 4.018541566242840979e+00 -7.218275400031025635e-01 6.924057263002620921e-01 -1.106560479495528708e-03 -4.374462002592863219e-01 -1.145405614992348010e-04 1.360764170216769483e-03 9.999993474860110476e-01 2.168559699970491056e-02
7.522079326407864475e-01 6.585747252967315557e-01 8.508796680406756439e-04 4.078475927129893819e+00 -6.585321904515567537e-01 7.528523439872205625e-01 -3.393872388788223005e-03 -4.175241921765813213e-01 -2.809361069432850765e-03 1.956408935222659490e-03 9.999941996967305347e-01 2.037298314131898158e-02
8.794712705443320511e-01 4.755237390950337040e-01 -2.993890994419004092e-03 4.644244956498702059e+00 -4.754947004943593791e-01 8.799437482536998090e-01 1.486007331153238855e-03 -2.539952056690369941e-01 3.384767866588538673e-03 8.370246612311186207e-05 9.999947136795733771e-01 1.321147364570479654e-02
9.446672015445093384e-01 3.274953776265507877e-01 -7.178017982682422492e-03 6.359065460856190732e+00 -3.274941994204590978e-01 9.450099255314624580e-01 -1.264969565176657330e-03 -1.980411876234472457e-01 6.395102687021696208e-03 3.519272226809671677e-03 9.999742310890817887e-01 -8.929577589796768022e-03
9.456850010500564840e-01 3.245980650058356010e-01 -4.440854314417019486e-03 6.503991145832377363e+00 -3.245907470942915318e-01 9.460088294007759080e-01 -1.900477963129082156e-03 -2.033735596783040056e-01 3.610123149263760878e-03 3.213773811714030690e-03 9.999889393510751345e-01 -3.483048226827920035e-03
9.497910010447534468e-01 3.124010551004778313e-01 -4.008305592544634220e-03 7.314403696787524112e+00 -3.123938346185688997e-01 9.501006237376046215e-01 -2.163564947970238097e-03 -2.046475527479028611e-01 3.157079513565897843e-03 3.283123308604829829e-03 9.999902234495365860e-01 5.682439672407162135e-03
9.496318697265238029e-01 3.128660388474106546e-01 -5.190991965449008767e-03 7.476342408291370312e+00 -3.128630332584910190e-01 9.499464151642078580e-01 -2.168228663578848463e-03 -2.110744456507473998e-01 4.277350391840274713e-03 3.658550789586161641e-03 9.999848537967790385e-01 1.286294611336286781e-02
9.492912473301728937e-01 3.139058551788963536e-01 -4.615228707978749276e-03 7.612444268396289182e+00 -3.139001439469873422e-01 9.496049862587425672e-01 -2.023764983404273757e-03 -2.169885496456745722e-01 3.772178128752794613e-03 3.345492392020160514e-03 9.999879208795766639e-01 1.638723595047085480e-02
9.494523087580758469e-01 3.134012878679621750e-01 -5.681269012527312597e-03 7.783101623918064149e+00 -3.134026964294565620e-01 9.497673491396447787e-01 -2.711723156029824128e-03 -2.213169520978358895e-01 4.570301314030342232e-03 4.330502476518686451e-03 9.999809749228895095e-01 1.952538147653726242e-02
9.448716100015523978e-01 3.269462658694376467e-01 -5.063676174465763478e-03 8.300200553323156427e+00 -3.269435753154069646e-01 9.451977788468846065e-01 -2.531860735717343745e-03 -2.383100742310133302e-01 3.984158437692247694e-03 4.022604437312879422e-03 9.999847280879271549e-01 2.853410143228163331e-02
9.441708916347733016e-01 3.289499262885916542e-01 -5.780774382105742688e-03 8.481545896079540015e+00 -3.289524933685794017e-01 9.444998576088774467e-01 -3.031285339540525786e-03 -2.423866413070488168e-01 4.488415681496632503e-03 4.738112464473694802e-03 9.999795708596012078e-01 3.442368415432064954e-02
9.403255343605343430e-01 3.398013440051845802e-01 -3.878692083667376403e-03 8.903866270934358340e+00 -3.397957980424330948e-01 9.406562335207179215e-01 -3.450128067073861445e-03 -2.512115120141484859e-01 2.502955790151209937e-03 4.536994947593700478e-03 9.999872623684291639e-01 5.053114055418064798e-02
9.386196741118050246e-01 3.444620072328882787e-01 -5.233644005039779327e-03 9.157008441269553600e+00 -3.444641381840733985e-01 9.389573132469929417e-01 -3.808120188873748146e-03 -2.532279528600421825e-01 3.629289806897810240e-03 5.351191644414225908e-03 9.999799775186556383e-01 6.195082185604215697e-02
8.796967733282056168e-01 4.750838789454187583e-01 -5.496661219285982510e-03 9.463798015528018581e+00 -4.750781450208574896e-01 8.801637760003786504e-01 -3.252739811891659956e-03 -2.281794077214311933e-01 3.333638126891516704e-03 5.440154162049867445e-03 9.999804943177318384e-01 8.656376778688110174e-02
8.326729869144011698e-01 5.533301377518747843e-01 -6.705584664157596651e-03 9.775874901351128798e+00 -5.533321860764851552e-01 8.332093203850148289e-01 -4.630762195247065983e-03 -2.312794053440571374e-01 3.074259346725551241e-03 7.530734310427582810e-03 9.999679183062399890e-01 9.953983794480941727e-02
8.561593542935441725e-01 5.162691267165732123e-01 -6.101093880448747904e-03 1.000814258290019154e+01 -5.162730254237352101e-01 8.566466109677793872e-01 -6.183867896634712667e-03 -2.207310499362941936e-01 2.078362012767384637e-03 8.410599794022307479e-03 9.999634996451474134e-01 1.121777654509490962e-01
9.364379868575115617e-01 3.503832386178761804e-01 7.960483046689207807e-04 1.034203723286140786e+01 -3.503548328811774137e-01 9.367698175244811853e-01 -5.399142430020038678e-03 -1.454899315537285243e-01 -2.609734365198051759e-03 4.753763317721513421e-03 9.999856660557799870e-01 1.368069824929318834e-01
9.522448082947986281e-01 3.048761525109230930e-01 1.015417858989125718e-03 1.052083512512243857e+01 -3.048467206085271886e-01 9.525258537145285809e-01 -6.536137635091726628e-03 -1.395015062885326118e-01 -2.937278729751776566e-03 5.894079341441207757e-03 9.999787193074173297e-01 1.406976557755632851e-01
9.564694003704768965e-01 2.913494417451358287e-01 -3.541481900750312415e-03 1.065259219391404066e+01 -2.913526364635704025e-01 9.567282362461964063e-01 -7.309965721183749737e-03 -1.471412371943412734e-01 1.278796331363617981e-03 8.002090759537271517e-03 9.999680955524165027e-01 1.481759910419012671e-01
9.516622372331045021e-01 3.066887837806167028e-01 3.810097035414017948e-06 1.120353011297156520e+01 -3.066611240681489381e-01 9.519287098575630601e-01 -8.467615811074382520e-03 -1.569611290697059958e-01 -2.578779312165942628e-03 8.036605584766090202e-03 9.999649894381965609e-01 1.501929016311451537e-01
9.480909487221570453e-01 3.175335561817280161e-01 2.636131110360779434e-03 1.135136375537971176e+01 -3.174857906797824980e-01 9.483799271550803489e-01 -8.249696762544474551e-03 -1.568433763496966393e-01 -5.096255809666719143e-03 6.964507996705527129e-03 9.999631177819808814e-01 1.500032226137907043e-01
9.280650670928942692e-01 3.719553167232753088e-01 3.801525555911295772e-03 1.279052022745229067e+01 -3.719037824357069311e-01 9.284236535318961536e-01 -6.955539507049299415e-03 -1.769336315253064174e-01 -6.086744556246001352e-03 5.018597834869372061e-03 9.999690185305341039e-01 1.646821152403195043e-01
9.248349228072098027e-01 3.799046150651914089e-01 4.149779238465821883e-03 1.291657440186241601e+01 -3.798486033745241408e-01 9.252019974498802979e-01 -7.303099158291899949e-03 -1.772812749090361684e-01 -6.583269755501059382e-03 5.154892913356791569e-03 9.999651362284822653e-01 1.639540025896704944e-01
9.075384866050132393e-01 4.194827737823897951e-01 6.777884094635890783e-03 1.344338922594519303e+01 -4.194234279384966291e-01 9.079708437728013504e-01 -6.104293586030438805e-03 -1.851056702042045976e-01 -8.678712469303583726e-03 2.672884506887254763e-03 9.999584916586065075e-01 1.673244283049642456e-01
8.503011533147634138e-01 5.258710387269051045e-01 5.057579924566556542e-03 1.453195852524751075e+01 -5.258163694740115579e-01 8.508294444780692967e-01 -5.536486968327591039e-03 -2.790199585929616921e-01 -7.165917116602174043e-03 2.018484547581733939e-03 9.999721267178672823e-01 1.719671967882960284e-01
8.379433338066815118e-01 5.453593026632819196e-01 1.714792225287885708e-03 1.488774303225896212e+01 -5.453136730090780704e-01 8.384722601115125462e-01 -5.476397778526245243e-03 -2.940917614877995856e-01 -4.374075646322721743e-03 3.621940970654990988e-03 9.999840783520198562e-01 1.808354112081471954e-01
8.602933199524231966e-01 5.093871581460147624e-01 2.309396003001185256e-03 1.509686951886050821e+01 -5.093361925400368140e-01 8.607844800357830062e-01 -6.559941007756308305e-03 -2.841510648666680239e-01 -5.283927356742029041e-03 4.437271376686338815e-03 9.999763898249296457e-01 1.803567072661449722e-01
8.980724364321525099e-01 4.393936099692591357e-01 4.901786124784652220e-03 1.574745120356263506e+01 -4.393405465898732598e-01 8.985110138865003426e-01 -5.913124343628669427e-03 -2.392820317316039225e-01 -6.964460704584118055e-03 3.130856631056178670e-03 9.999708581937610807e-01 1.770287312839881333e-01
9.086260971405235587e-01 4.171093946727219559e-01 7.619795223147210299e-03 1.617166697639124351e+01 -4.170388389434473986e-01 9.090608904860529860e-01 -7.051235588551324311e-03 -2.330259246308013787e-01 -9.832465077015744778e-03 3.205712479091749230e-03 9.999463105063246537e-01 1.812987580424445244e-01
9.344817070258797376e-01 3.555614245814270324e-01 1.246175540084187849e-03 1.722200586056399274e+01 -3.555200708042479674e-01 9.348020044520662930e-01 -8.366042621328827547e-03 -2.063528198021360449e-01 -4.112573751216788004e-03 7.352168540940944019e-03 9.999650554594686769e-01 1.868620471268905570e-01
9.035550296878775978e-01 4.280406623357251306e-01 -5.833115129484237396e-04 1.863619423691305954e+01 -4.280064427221180190e-01 9.039404918631515073e-01 -8.482393276416986053e-03 -3.431123696398323819e-01 -3.069078516901360080e-03 7.886900763466176204e-03 9.999649328057547137e-01 2.234415711334575838e-01
8.995659980183819959e-01 4.363560661315670774e-01 3.999368138504898087e-04 1.898025784232909174e+01 -4.363084140176082260e-01 8.999536362007692913e-01 -9.672753952628454499e-03 -3.516988454473465864e-01 -4.545622446489638695e-03 8.500061840183597769e-03 9.999542263733947056e-01 2.366465119376358617e-01
9.327341567366151942e-01 3.600775836927261886e-01 5.495381263082969175e-03 1.904181170743425255e+01 -3.599973155811722614e-01 9.330768470015087246e-01 -9.603431084437093548e-03 -2.922791187035613247e-01 -8.557954794391996189e-03 6.958324868852468377e-03 9.999394541996652341e-01 2.480006967909652027e-01
9.845755577456316576e-01 1.744342084516332936e-01 4.256502474651289308e-03 1.952484913889621509e+01 -1.744070817397001538e-01 9.847498205790934378e-01 -4.158549139581952866e-03 -1.567108053370435128e-01 -4.905016797869743254e-03 3.341122264749263066e-03 9.999826799368523034e-01 2.617811023892401834e-01
9.929032261572275919e-01 1.182198588269173650e-01 7.399024043246818158e-03 1.997518724930358403e+01 -1.181553841901003266e-01 9.930217600098446562e-01 -7.831238215527426549e-03 -1.176963872121419979e-01 -8.267667048307494534e-03 6.896488770899003584e-03 9.999423234078717027e-01 2.810144049362927055e-01
9.907908287658524493e-01 -1.347373989559124408e-01 1.774307466790400051e-02 2.029558056474873950e+01 1.347221884369792511e-01 9.908157418030549834e-01 1.713695988938074549e-03 3.082395850380784674e-01 -1.782017893071654799e-02 7.131906384186268225e-04 9.998399896425885780e-01 2.851636607942688029e-01
9.796009097247047048e-01 -2.004970815991159172e-01 1.953084330554297199e-02 2.035256587486690449e+01 2.005030407908488799e-01 9.795932045279628353e-01 1.173786924131019769e-03 3.288190517850402839e-01 -1.938152637702555969e-02 2.794058089225226905e-03 9.998073879031953437e-01 2.858661295795661417e-01
9.631085724463315234e-01 -2.686537896111009793e-01 2.255364702271450694e-02 2.053671100989955178e+01 2.686705130806599229e-01 9.630969812879222047e-01 1.747766297090234131e-03 3.613088971453255471e-01 -2.220904252301754075e-02 4.412473214447351459e-03 9.997426657803712979e-01 2.875839540339295008e-01
9.266838398854985170e-01 -3.752952944472811025e-01 2.763279292055103448e-02 2.147759119300274833e+01 3.752318194816273711e-01 9.267171512596703575e-01 6.996963232501245827e-03 5.253154347897899257e-01 -2.825613334534086973e-02 3.935427875248344309e-03 9.995915427785079244e-01 2.692929818750426918e-01
9.171848713890019544e-01 -3.976570089214011561e-01 3.180789044647439751e-02 2.171422464561679533e+01 3.976067232888627068e-01 9.173257962334652182e-01 7.568285817723613765e-03 5.409238830302364187e-01 -3.221190628954605922e-02 5.760789580968276626e-03 9.994628531907961966e-01 2.678357962849501339e-01
9.117895140315463998e-01 -4.100694366107279221e-01 2.937967300589152536e-02 2.194419952412264152e+01 4.099867676536740890e-01 9.118475714249881792e-01 8.402160503565547431e-03 5.467110617635837500e-01 -3.025914167461415255e-02 4.439945828904554199e-03 9.995307229962805406e-01 2.715910589151837029e-01
9.118755919610539440e-01 -4.099198834394381374e-01 2.878690830107065099e-02 2.210461006295031439e+01 4.098288106961852084e-01 9.119168868019008611e-01 8.596572442907349926e-03 5.292852191894793501e-01 -2.979884632796307026e-02 4.014102527677297985e-03 9.995463706105792712e-01 2.646095283711585311e-01
8.480125071640294276e-01 -5.296306650193861598e-01 2.873688431025223436e-02 2.298990295786502713e+01 5.293007546013815956e-01 8.479780246856477577e-01 1.793915881713101582e-02 6.839831279172834400e-01 -3.389422407692422451e-02 6.954543584534898717e-05 9.994232655626252848e-01 2.871117437771343317e-01
9.154820833869905528e-01 -4.016635958785816918e-01 3.054319364404409556e-02 2.373183032269731285e+01 4.014432931675774863e-01 9.155951251858198692e-01 1.272563318903086049e-02 5.516032997917514891e-01 -3.309837846534827155e-02 6.671397872240661777e-04 9.994498257640050953e-01 2.990963884132791795e-01
9.185713022667062466e-01 -3.943267197761972098e-01 3.319186225250871092e-02 2.411038276991520490e+01 3.940981590330870921e-01 9.187808719538900215e-01 1.292663033740396039e-02 5.393826645162176359e-01 -3.561516709804644215e-02 1.263114561068263324e-03 9.993625576131348609e-01 3.035253897620975305e-01
9.212395227161974676e-01 -3.881179193163610264e-01 3.233908645425108419e-02 2.434485765692043202e+01 3.879085501192264807e-01 9.214231080008479235e-01 1.224415964513019331e-02 5.273185372055309017e-01 -3.457176992037019198e-02 1.319884916451494672e-03 9.993992067851540373e-01 3.082598228302726451e-01
9.335842770558751003e-01 -3.573115132421108009e-01 3.298379347865277450e-02 2.541152391503968744e+01 3.570832589660626333e-01 9.338139582728802734e-01 1.230430942928349702e-02 4.690540699332431118e-01 -3.521718801306254060e-02 3.427331507564919930e-04 9.993773867425720381e-01 3.325732873081965191e-01
9.381738697830993567e-01 -3.450369848063200573e-01 3.329097447703546070e-02 2.571906201735635022e+01 3.448677854619534577e-01 9.384218901459663309e-01 1.042376966673400941e-02 4.546545669139776535e-01 -3.485776720600870099e-02 1.752112688588774872e-03 9.993886937480804811e-01 3.377067554853526721e-01
9.472143922451778941e-01 -3.195329886126033747e-01 3.147878818854726868e-02 2.622951020127046462e+01 3.193787251189524889e-01 9.474209457565971881e-01 9.501256230582611623e-03 4.240780418658752771e-01 -3.287845679757065570e-02 1.100587384872948058e-03 9.994568515503865491e-01 3.564603212837266222e-01
9.520008167774797192e-01 -3.046674957502381598e-01 3.416225800040123550e-02 2.651868850414896528e+01 3.045376471892481396e-01 9.523096872052259076e-01 8.679531992290953277e-03 4.180254728764993821e-01 -3.519614593890810911e-02 2.187036763918794816e-03 9.993760369697319845e-01 3.587723176903833133e-01
9.614980613104604501e-01 -2.733551025431087411e-01 3.264284013250250138e-02 2.721755157345505083e+01 2.732442668801198793e-01 9.617799185487942992e-01 7.532745922543839477e-03 3.678830162010026106e-01 -3.347141364798968122e-02 1.718850458314312348e-03 9.994363132629611179e-01 3.826595124092985745e-01
9.615214756985733802e-01 -2.731646111087474571e-01 3.353499587367587270e-02 2.728433011975817735e+01 2.730957205493138584e-01 9.618306507924773152e-01 6.348850940862029411e-03 3.652512433825975124e-01 -3.400700920451768527e-02 3.096132207025984167e-03 9.994150117466844563e-01 3.835103842233461569e-01
9.659707216319386447e-01 -2.570691851338034462e-01 3.268840952263598471e-02 2.764443782431810703e+01 2.570130187118312981e-01 9.662643753407320624e-01 5.635839351638940314e-03 3.547313855280344597e-01 -3.305136851414148397e-02 2.997581250023626832e-03 9.994474809546559646e-01 3.923335387480400005e-01
9.672820820719220114e-01 -2.517563113751165038e-01 3.510215326084178272e-02 2.781298713615423068e+01 2.517330766118085483e-01 9.676600541879584183e-01 4.841051506035108642e-03 3.503311182998021800e-01 -3.520297550295173328e-02 4.194579312253042362e-03 9.993696509034124542e-01 3.923694123068758866e-01
9.696377701534637517e-01 -2.426110011997390237e-01 3.438204167497360686e-02 2.807495104184070556e+01 2.426087418526222672e-01 9.699959809514286935e-01 3.992685423170500535e-03 3.385741383117834014e-01 -3.433607314707592950e-02 4.509457752441225348e-03 9.993985335511491597e-01 3.927444096563170173e-01
9.768162471155327209e-01 -2.119359368943666277e-01 3.353170144075468678e-02 2.906573982652285082e+01 2.119218794771246250e-01 9.771748696058214501e-01 3.746931902214891124e-03 3.029157967796290429e-01 -3.357532912099350786e-02 3.482060664773647517e-03 9.994284200492805637e-01 3.957702978066520161e-01
9.790927095862336227e-01 -2.013333780750325153e-01 3.230329583933585352e-02 2.942905727720621556e+01 2.013463730785576000e-01 9.794172920097061752e-01 2.617858884660515667e-03 2.901614589750999840e-01 -3.218002956546121840e-02 3.975348094033401801e-03 9.994726281677428492e-01 4.006530031403566783e-01
9.829822142721144074e-01 -1.818113529325517952e-01 2.954693848303038481e-02 2.984969424910484292e+01 1.818204751664690699e-01 9.832398748255393173e-01 2.137557114094892820e-03 2.591407950031156537e-01 -2.945352170346890799e-02 3.302103025237678510e-03 9.995593152575531493e-01 4.029171950815472747e-01
9.845691080134285622e-01 -1.726355762873511557e-01 3.153821936597762249e-02 3.003052899812187704e+01 1.726991635232771327e-01 9.848893936760843015e-01 4.862173296375868091e-04 2.372092191785798998e-01 -3.115908777723130560e-02 4.999003093987778625e-03 9.995005765896028960e-01 4.099628058809623998e-01
9.895883380007564067e-01 -1.387869449583674641e-01 3.994702694699216183e-02 3.022067267281094161e+01 1.389267093868720160e-01 9.902339236924411203e-01 -8.490100441395897471e-04 2.100568119563716307e-01 -3.945134153481270195e-02 6.421896842200392613e-03 9.991989008356376711e-01 4.358771270616670912e-01
9.847464700733336018e-01 1.714823244710520778e-01 2.664420989471387446e-02 3.094567381623662428e+01 -1.708322421553518378e-01 9.850725306586385344e-01 -2.470729565446894149e-02 -8.373051430647829307e-02 -3.047984071411567394e-02 1.978152196500396892e-02 9.993395784608061216e-01 4.476746824893758081e-01
9.722787371451536709e-01 2.316053749203491885e-01 2.865902019370283535e-02 3.140864399451213274e+01 -2.307336730346841447e-01 9.726537464430715652e-01 -3.036768539289272026e-02 -1.524414917201574182e-01 -3.490140771894026384e-02 2.291422950005929382e-02 9.991279813535073329e-01 4.665308155082764641e-01
8.903196645098682138e-01 4.545175514468497435e-01 1.907358758296498827e-02 3.125393535773594067e+01 -4.531876724576006099e-01 8.902683504889092880e-01 -4.926062331523386323e-02 -3.508559276767376778e-01 -3.934671244381073019e-02 3.520479557282689409e-02 9.986060614002530977e-01 4.854857434877533073e-01
8.325958733259662958e-01 5.533274695765727502e-01 1.346553987053439316e-02 3.133776345962433751e+01 -5.519817985361828994e-01 8.324384251635305043e-01 -5.288001147778149946e-02 -4.483004735520068618e-01 -4.043434773180044906e-02 3.658238573830582124e-02 9.985131824712680793e-01 4.984295675225490219e-01
7.443239097496568979e-01 6.674566334778561094e-01 4.742987685782950984e-03 3.235319547947034380e+01 -6.661441311882925209e-01 7.439535548083684446e-01 -5.699425052650652912e-02 -6.414739569418804743e-01 -4.152076410599959966e-02 3.924749775007813773e-02 9.983676127497078667e-01 4.984104037193782255e-01
7.257679373021149738e-01 6.876010809295389770e-01 1.829921435531081013e-03 3.249610200224304890e+01 -6.863740903744492972e-01 7.253318958774502834e-01 -5.699612689414681327e-02 -6.466791824714531733e-01 -4.046633585072596101e-02 4.009394018784256247e-02 9.983774284322143311e-01 4.976701370155556248e-01
7.158789186717799957e-01 6.978915666458410660e-01 1.638843107870012038e-03 3.263678454119969530e+01 -6.966723073292774293e-01 7.154782384314721799e-01 -5.659446134853495652e-02 -6.523217761689892313e-01 -4.061586829258784226e-02 3.935689971223096939e-02 9.984006138133572072e-01 4.985601002289492545e-01
7.055787300972452547e-01 7.083028350531292983e-01 2.122365672388488826e-03 3.273173922630125077e+01 -7.070451838607527684e-01 7.052225626499221134e-01 -5.667563660943852194e-02 -6.564169772387635771e-01 -4.158474045353403870e-02 3.847264772885260892e-02 9.983950682162067158e-01 4.993241562913142695e-01
6.998377392227211891e-01 7.139738825946692069e-01 2.802581521965268486e-03 3.282675424091891614e+01 -7.126609039252105315e-01 6.995071590421819696e-01 -5.716275504406222174e-02 -6.707858312822160274e-01 -4.271651749336439347e-02 3.799195144474284275e-02 9.983655653278383779e-01 4.965667416223715769e-01
7.812080989029108746e-01 6.238671942097879786e-01 7.018960471134030529e-03 3.323179401657713328e+01 -6.226432980348002300e-01 7.809309083315367772e-01 -5.402765450457865104e-02 -5.899313342351621969e-01 -3.914385864284085359e-02 3.782114831292972268e-02 9.985187488297279090e-01 4.941928628316265004e-01
7.778953700483532963e-01 6.279725791271165702e-01 8.625853783588106893e-03 3.361690864715918536e+01 -6.266710446400326484e-01 7.776809091104891491e-01 -5.434493802639067672e-02 -5.902126785948238474e-01 -4.079071578399178638e-02 3.685435495980644155e-02 9.984887616670584665e-01 4.929411044393950392e-01
7.721142924975207267e-01 6.350382757124186650e-01 1.049899210832084748e-02 3.393184150590864334e+01 -6.336659572293029674e-01 7.720004556038952970e-01 -5.423862076420334771e-02 -6.024383827355386245e-01 -4.250246612069975144e-02 3.521136420962538149e-02 9.984763937667621159e-01 4.941603191931601136e-01
7.397988419964892648e-01 6.724213060926572672e-01 9.328465926129859628e-03 3.527794386477911104e+01 -6.710157513407239982e-01 7.397094464865731078e-01 -5.506099379401738214e-02 -6.335073293866563260e-01 -4.387246820899950994e-02 3.446009806143805754e-02 9.984431603267232003e-01 5.069736511048390515e-01
7.396507049408961310e-01 6.725102712398380866e-01 1.369293745518678461e-02 3.551570223743692623e+01 -6.710108538574579562e-01 7.397938863282146338e-01 -5.397620979369350397e-02 -6.355974909613542057e-01 -4.637559079880936713e-02 3.072201563168416513e-02 9.984515164715308533e-01 5.108433172367216057e-01
8.465134776600998778e-01 5.315167721908414800e-01 2.201100271687873172e-02 3.691688737816170374e+01 -5.302656965424401569e-01 8.469202890204078349e-01 -4.438127744978032779e-02 -4.251130985780709470e-01 -4.219353017734727568e-02 2.588615935722089756e-02 9.987738589577958015e-01 5.441891571659374094e-01
8.614891605138588204e-01 5.068496090387134556e-01 2.305206139981937769e-02 3.726429916916537621e+01 -5.056178408040320482e-01 8.619064056848230182e-01 -4.337601686777416837e-02 -4.149121699571284849e-01 -4.181931212670939729e-02 2.570173557858713292e-02 9.987943813485367084e-01 5.472868009865163863e-01
8.879642586711611330e-01 4.587854753879798686e-01 2.556342045490759066e-02 3.775636348843440260e+01 -4.575355705031581843e-01 8.883987011023171121e-01 -4.237717611676455193e-02 -3.884839702534553241e-01 -4.212374751934852557e-02 2.592485572321959891e-02 9.987758338415172465e-01 5.638744118685469209e-01
8.227870741009880584e-01 5.676176941591839498e-01 1.990631406441665738e-02 3.886634900388354197e+01 -5.663814515765005497e-01 8.231736914611049727e-01 -4.513828123161929551e-02 -4.639265430514917798e-01 -4.196565626414543865e-02 2.585166372408690544e-02 9.987844216717015611e-01 5.871472061240490259e-01
7.921455478134598049e-01 6.096766234534486406e-01 1.874508725452911015e-02 3.919963655656858492e+01 -6.084155903414341093e-01 7.925615497578357704e-01 -4.615666348949221121e-02 -4.833296713001880018e-01 -4.294940723889613399e-02 2.514411423890901623e-02 9.987605406703339295e-01 5.921602221367351371e-01
7.258295417573098485e-01 6.873745921619371924e-01 1.511097063769740838e-02 3.985163894604796297e+01 -6.861816777126078515e-01 7.262909381562621114e-01 -4.605674142076400523e-02 -5.029444437444319238e-01 -4.257323719914058585e-02 2.304447694273651509e-02 9.988271756733537732e-01 5.969441017055195919e-01
6.651269325095868767e-01 7.463932604452052644e-01 7.015630722826494969e-03 4.034288425484291452e+01 -7.453614838082865957e-01 6.654051918714701808e-01 -4.616210807276883293e-02 -5.129156533752954328e-01 -3.905527010176918640e-02 2.545627297593618457e-02 9.989128558758733067e-01 6.075456489148267636e-01
6.787370244907000583e-01 7.339679866713473277e-01 1.230840001504886899e-02 4.100713565094731194e+01 -7.328827381254622297e-01 6.792332233956983600e-01 -4.457134722843192343e-02 -5.211657731456443843e-01 -4.100610030032909165e-02 2.121417494006086132e-02 9.989332850879832915e-01 6.193961758481453250e-01
7.903939217950870511e-01 6.118877568776309728e-01 2.054399599785527650e-02 4.164815544969906114e+01 -6.109481061120140000e-01 7.910746522446995277e-01 -3.739305888128871547e-02 -3.315997495932365702e-01 -3.907995627091249286e-02 1.698762110384648485e-02 9.990910292843858675e-01 6.109496670630716331e-01
7.991300652978851060e-01 6.003625730057418064e-01 2.259722065873093211e-02 4.179443652335540094e+01 -5.993912397865431840e-01 7.998692217470684263e-01 -3.729846378838490295e-02 -3.315824352925970664e-01 -4.041638135603763116e-02 1.624639155441677182e-02 9.990500476079162695e-01 6.087354962600012298e-01
8.165991786608876035e-01 5.762344581021505707e-01 2.612628866368142677e-02 4.206902530848359589e+01 -5.752299308060614402e-01 8.174424478433135466e-01 -3.664036448337350260e-02 -3.244890615285621061e-01 -4.242164417260819997e-02 1.487818984744468560e-02 9.989879546570858970e-01 6.064568310952750396e-01
8.273779611925270450e-01 5.604617803775131524e-01 2.996370198015430725e-02 4.225631875319758279e+01 -5.593624511876920113e-01 8.283443309266839139e-01 -3.738480633288146504e-02 -3.218743390713214581e-01 -4.572617318659925878e-02 1.415923870979205607e-02 9.988523380280753816e-01 6.153641003974341661e-01
7.034207564939267687e-01 7.102829720730141627e-01 1.546528424364794659e-02 4.379879814359615153e+01 -7.091913370319160581e-01 7.040134641346202926e-01 -4.332725786559888520e-02 -4.630977172745820991e-01 -4.159716356783261376e-02 1.949243260869246153e-02 9.989437777969251142e-01 6.328731619445621126e-01
6.909230398093374470e-01 7.224849622888536160e-01 1.355359101754258569e-02 4.396994754877561462e+01 -7.214124414096925175e-01 6.914593132250340668e-01 -4.372017324329481591e-02 -4.750331582713355205e-01 -4.089224512205735101e-02 2.041210682731083720e-02 9.989546964975509757e-01 6.297089092643654018e-01
5.874186631058715413e-01 8.089792519108148783e-01 8.036268084483440266e-03 4.498454041108315238e+01 -8.074070647146589508e-01 5.876576471897573262e-01 -5.644553777103913927e-02 -7.441405894248327435e-01 -5.030754858365273086e-02 2.665623968343890093e-02 9.983775707021657064e-01 6.372809272088967303e-01
6.113787092662511524e-01 7.910166071551605338e-01 8.467609206555542709e-03 4.519204686779755065e+01 -7.893924605658404481e-01 6.115431876897033936e-01 -5.759933883107331426e-02 -7.466278111169722953e-01 -5.066625365468090808e-02 2.851845555922523714e-02 9.983081714152478581e-01 6.386142847370971376e-01
7.592999589004635341e-01 6.500170878999247392e-01 2.204692155881236501e-02 4.569965248454568041e+01 -6.483566716954838327e-01 7.598182497498280341e-01 -5.264682831449341710e-02 -6.757844535021541033e-01 -5.091986452038171213e-02 2.566945634142799026e-02 9.983723319124909734e-01 6.433717852774558654e-01
7.815267017849640840e-01 6.231085958711339856e-01 2.238254315178265716e-02 4.594385422108871353e+01 -6.214589732927972010e-01 7.819860158217406543e-01 -5.237819899529876783e-02 -6.718603351569535365e-01 -5.009143658065178667e-02 2.701447451489197987e-02 9.983789270321002940e-01 6.527996188085360973e-01
7.938969521195690104e-01 6.072758947990577472e-01 2.228366673040099027e-02 4.606479107980231191e+01 -6.056433821492610559e-01 7.943091310367086377e-01 -5.217301234496562329e-02 -6.696085293748009759e-01 -4.933742217387224877e-02 2.791352298404783244e-02 9.983919063241518677e-01 6.558045245623186359e-01
8.017521079325942157e-01 5.967697757037052630e-01 2.481448422061504830e-02 4.650799084639530889e+01 -5.951024950279523162e-01 8.022767622842627011e-01 -5.152637697146909834e-02 -6.678475421742402496e-01 -5.061208995602277383e-02 2.653456456494427892e-02 9.983655290233284241e-01 6.617813549923402539e-01
6.850359900948512770e-01 7.279688393276201319e-01 1.821852908548181327e-02 4.699931795133809942e+01 -7.263396668351530527e-01 6.855871820827429408e-01 -5.350866540099238899e-02 -7.320759996462862240e-01 -5.137705843472786110e-02 2.341033499443426896e-02 9.984042247345046306e-01 6.844273149370918574e-01
6.229792661584844238e-01 7.818148736017715983e-01 1.491530693024830517e-02 4.746985750698448925e+01 -7.801626820545323193e-01 6.235079626548384324e-01 -5.505768499045736453e-02 -7.830295926750860946e-01 -5.226938378588617817e-02 2.265152118641012430e-02 9.983752780830716933e-01 7.000696417240368508e-01
6.062336440367546153e-01 7.949533836407136622e-01 9.754536825737195049e-03 4.759046419466378808e+01 -7.933625640511891008e-01 6.065166451050996166e-01 -5.616683626573935884e-02 -7.878465334484860971e-01 -5.049041124149297732e-02 2.629887258771076985e-02 9.983779045929919160e-01 7.039467110562745988e-01
6.022440098270640529e-01 7.979876498501983217e-01 9.196153590338420822e-03 4.781553128481837689e+01 -7.964592796652524287e-01 6.025361413543057765e-01 -5.515977301593697618e-02 -7.989712547448099000e-01 -4.948117246874128572e-02 2.588232316705163863e-02 9.984393188551545784e-01 7.028336932923986424e-01
7.262279486430280873e-01 6.867159283205949150e-01 2.359633321197979888e-02 4.833899715599702773e+01 -6.850352040267664311e-01 7.269529434826333958e-01 -5.225860733920568296e-02 -7.271137497707866881e-01 -5.297984911330701902e-02 2.177637477465686061e-02 9.983571210363815229e-01 7.314069280579797994e-01
7.430471675713133939e-01 6.685494242866489856e-01 2.156866156001074897e-02 4.967332638666872668e+01 -6.670739434499809439e-01 7.436823137242798420e-01 -4.912122946092074838e-02 -7.319304908674147958e-01 -4.882262392953490987e-02 2.209885914998783660e-02 9.985622852570577024e-01 7.162302032621008507e-01
6.996923417002279821e-01 7.139332197135207503e-01 1.650144194527529418e-02 5.007856193031098258e+01 -7.124977206209026637e-01 7.001855002680827944e-01 -5.050785340488463809e-02 -7.841441965252787805e-01 -4.754960004792469636e-02 2.356881901589112649e-02 9.985902956933058183e-01 7.221096257365158255e-01
6.914106638380367320e-01 7.219612392024754577e-01 1.632411876276286186e-02 5.020403592165761353e+01 -7.205067305860348714e-01 6.919093924744376123e-01 -5.093398951953873738e-02 -7.955282664523944947e-01 -4.800215440341189244e-02 2.344089503551410880e-02 9.985715831821875277e-01 7.256482098900983724e-01
6.852829282361694307e-01 7.277566369362088450e-01 1.737596969480138462e-02 5.037580822120592927e+01 -7.262944670528649338e-01 6.858587017697036492e-01 -5.055894448787934953e-02 -8.019910642521275168e-01 -4.864542418368798110e-02 2.201351728747693443e-02 9.985727789443967772e-01 7.297785497074479322e-01
6.409844524815001554e-01 7.671454487411527579e-01 1.343447375498306451e-02 5.067067096954983185e+01 -7.656898423874523019e-01 6.414601209253451009e-01 -5.196598512437529405e-02 -8.495754000738133804e-01 -4.841050018111923980e-02 2.300894223257188634e-02 9.985619103076115444e-01 7.327702042269743643e-01
5.932665240882151192e-01 8.046454135169879285e-01 1.230579391458778635e-02 5.089799595776749186e+01 -8.030159077021472580e-01 5.937304002249098600e-01 -5.554741552765245227e-02 -8.996854108604680489e-01 -5.192305693296470070e-02 2.306082019307530498e-02 9.983839352403055534e-01 7.452229941920721634e-01
7.393364322118556320e-01 6.726064491536830614e-01 2.290921267421222249e-02 5.159350021845861534e+01 -6.712431778952624439e-01 7.401073431254875379e-01 -4.623668790618453567e-02 -6.630679095099082376e-01 -4.799456107683917894e-02 1.879350166883124451e-02 9.986698448906453640e-01 7.477415144684460557e-01
7.700452826497676817e-01 6.371663416916164557e-01 2.441726297160275519e-02 5.213974528024660060e+01 -6.358896203392129243e-01 7.708392987782454187e-01 -4.371500045490469416e-02 -6.570899094390908468e-01 -4.662043500665818269e-02 1.812261543802066999e-02 9.987473898141874251e-01 7.687493496916989466e-01
7.476572491368256301e-01 6.634127161845680964e-01 2.085485860610497219e-02 5.272905292321242854e+01 -6.621745317370516526e-01 7.483435304182638470e-01 -4.438844224863801313e-02 -6.825928990423028031e-01 -4.499624749719615541e-02 1.936322693680816651e-02 9.987988341703490924e-01 7.740979387717878968e-01
7.331513815172877591e-01 6.794077483517718674e-01 2.088197213147928097e-02 5.282045715180845491e+01 -6.781154190632754375e-01 7.338583341293150042e-01 -4.556304077958356347e-02 -6.815478536944102883e-01 -4.621967975581227350e-02 1.922993473193711916e-02 9.987453844156251037e-01 7.712355533739140290e-01
6.441025518414180695e-01 7.644724159927762663e-01 1.634550500712152882e-02 5.343225445906907822e+01 -7.630415905106051611e-01 6.447497017644445716e-01 -5.018874074793479995e-02 -7.781805438507145567e-01 -4.883290442915511759e-02 1.984060497963005890e-02 9.986089647670879366e-01 7.778652479414351895e-01
6.365775583133809201e-01 7.707750129678331286e-01 1.517402014829637158e-02 5.348918585015847071e+01 -7.693484185623749028e-01 6.371800332984013382e-01 -5.055764903712730435e-02 -7.840999925322675868e-01 -4.856263803182036404e-02 2.049587950769851674e-02 9.986090420973465775e-01 7.803467733625706337e-01
6.037120981545827103e-01 7.968377292361493724e-01 1.215812512104833508e-02 5.385341040081834763e+01 -7.954080659359484828e-01 6.042274314931507240e-01 -5.172507894593027927e-02 -8.303227100071456368e-01 -4.848416901083889979e-02 2.154267898299872669e-02 9.985909655100155824e-01 7.826801473964616340e-01
6.634898915767317717e-01 7.477245225870569056e-01 1.540465675859581905e-02 5.449079249729763319e+01 -7.462553027883338519e-01 6.640108433682836431e-01 -5.148808339631054387e-02 -8.196061292332770254e-01 -4.865819613844191843e-02 2.265233985933045105e-02 9.985580540622144285e-01 7.947084949438287804e-01
6.873370738462724061e-01 7.259285106370687579e-01 1.175441313154750381e-02 5.476321759293988833e+01 -7.245628578158420652e-01 6.876210795556065847e-01 -5.146281818482073556e-02 -8.107864191670830500e-01 -4.537692704623084994e-02 2.684060576332477147e-02 9.986094102056856103e-01 8.039499844383735105e-01
7.169592471832041403e-01 6.965837059083425098e-01 1.677663328341242807e-02 5.501122516187928824e+01 -6.951211089724897985e-01 7.174001813001179562e-01 -5.107257440335976478e-02 -7.892658690199862992e-01 -4.755154158517245488e-02 2.494158317878748463e-02 9.985571373370306647e-01 8.064613695045874664e-01
7.273886937088036575e-01 6.857071135677266227e-01 1.587018926302004307e-02 5.515819623240533076e+01 -6.842920676641254252e-01 7.277661150919235711e-01 -5.065235315467123828e-02 -7.889582330984707959e-01 -4.622426448103846008e-02 2.597011302314661263e-02 9.985934459380645389e-01 8.099374373511050162e-01
7.480103213797277828e-01 6.631420528698385164e-01 1.627071665796054820e-02 5.555938848817142883e+01 -6.617290722942706926e-01 7.483430741229106786e-01 -5.060373536476701906e-02 -7.732316387476811936e-01 -4.567920493093556578e-02 2.707154656018574690e-02 9.985894277614836279e-01 8.128043569560212678e-01
